fpc_8,fpc_1_lag1,fpc_2_lag1,fpc_3_lag1,fpc_4_lag1,fpc_5_lag1,fpc_6_lag1,fpc_7_lag1,fpc_8_lag1,fpc_9_lag1,fpc_10_lag1
-0.07439389031313254,0.2633619137318055,0.17523459658273446,-0.040201438151844314,-0.06146065070140475,-0.06786999825896398,0.004971018041463442,0.034170933037651015,-0.003757253317324615,-0.008913751019983577,0.004227711718635881
-0.015560835996446563,0.349657379614049,0.015307283545877995,-0.04421984637511224,-0.11916984924998905,0.028058885293042315,0.15199577815468246,-0.13063229763716663,-0.07439389031313254,-0.0714006439841132,-0.05069442774032741
-0.10131206403027838,-1.0212941678166112,0.12662393124963695,-0.07538203160781135,-0.16143644910521324,0.045256416371555405,0.04894286146041436,-0.011827744371269863,-0.015560835996446563,0.05737213016842898,-8.188050696403371e-05
-0.04812812579435145,-1.6983450583914166,-0.20969255624521765,-0.15155646809112855,-0.38913021815550963,-0.04804449409721318,0.028502010829896878,0.14240105427194266,-0.10131206403027838,-0.011739747341648238,-0.01592101892276842
0.026814439693568413,-1.5450475097602652,0.1329584594079999,-0.07465130508307388,0.000717359698912681,-0.19445245210091813,-0.021136592001125904,-0.16247945407935144,-0.04812812579435145,-0.02954777322432682,-0.011669143042327978
0.05505732727509114,0.08587747253822892,-0.2302792685702649,-0.0039239019804445255,0.11112530893757733,-0.07167715217982412,0.04407500143428315,0.028247541169670546,0.026814439693568413,-0.0002686122836531738,0.006590284049881567
0.05784973992380629,0.39723904165952145,-0.15600031246967247,-0.11540936791022276,0.07889053747387294,-0.1146710070175044,0.018034875175924045,0.015413942646785425,0.05505732727509114,0.019030321598630343,-0.02120123909927576
0.0018335952935842497,0.5119447389547299,-0.018213601496405264,-0.06587795568012084,0.007899591504827613,-0.03936897225861523,0.01155386780835439,-0.02977874659216197,0.05784973992380629,0.029211157586573628,-0.039892183281682585
-0.06782516110962644,0.5725640095314999,0.01965601005343943,-0.14881348859545068,0.0598911727806943,-0.0722238997583775,0.051054699919699784,-0.055537332710807144,0.0018335952935842497,-0.001918907398867101,-0.0026701001433573224
-0.057677926332430136,0.4296790499105978,0.06792559730832112,-0.06582230640607295,-0.05552004507015634,-0.00573555990224873,0.07248153538271386,-0.07025835875269736,-0.06782516110962644,-0.0007152464378149566,-0.027964131949382427
0.004226459401159093,-1.0989025065963787,0.25440915051654805,-0.025783409054846326,-0.06386626112173935,-0.0015474998894334311,0.03873894635254209,-0.005495105525769597,-0.057677926332430136,-0.005223501191314847,0.016531012759766
-0.02367384513146065,-0.9373810450051491,-0.47272432117249935,-0.1577573922979255,0.09516925644250926,0.06273983996135452,-0.00925778223540357,-0.018245419546842494,0.004226459401159093,-0.03747979832675834,-0.012182233581342596
0.007427821493716281,0.3868525075426472,-0.24443823727638345,-0.01251917987149147,0.047590620467442724,-0.043585751136920654,0.06472322127176003,-0.0014391288872613558,-0.02367384513146065,0.010676533279398806,0.013760518290200674
-0.0007411699993774408,0.38267319077241746,-0.18342628813830378,-0.09495070960879277,0.09920692399749735,-0.16453715372125213,0.010261455283836624,-0.0034599123378718315,0.007427821493716281,0.003057818456595708,-0.01489372167901793
-0.08466111073848594,0.39483676160708286,-0.12575173438256906,-0.07628017323482253,0.0726009286969831,-0.16260680024216834,-0.005779546648333701,-0.00994282526297489,-0.0007411699993774408,0.021881974254376328,-0.03266252840852416
-0.07392895382597384,0.5001627553251575,-0.06933663320462612,-0.010530974958376823,0.01108363049966508,-0.04378392766449912,0.02961753633739311,-0.052426580172283375,-0.08466111073848594,-0.0015109553281283318,-0.011772130612502507
0.06961434019636796,0.4412836040775206,0.0868174042589461,-0.12072516417056615,-0.1620717760821192,0.04806688701895737,0.07102174210897608,-0.08172906102890376,-0.07392895382597384,0.003139044562376975,-0.017423819262578803
0.002893312127883661,-1.0436367416943266,0.2891695390838328,-0.13992088728443014,-0.1254316619273423,0.015680632022745257,0.010439517915527195,0.00811662287768811,0.06961434019636796,0.0010510195554716874,-0.003869440015632374
0.008922178739094526,-1.2458618460414805,0.40576624212103335,0.05839352841282349,0.15678406264919553,-0.11931740182204938,0.07045598012944175,-0.09112579783820779,0.002893312127883661,-0.057917086598243565,0.04805625667465343
0.05464724793940836,0.33571294388270695,-0.1101539507407309,0.006509656857833623,0.0627704831956465,-0.0766289720544707,0.07296211592621542,0.0016665314061352124,0.008922178739094526,0.02631775813772186,-0.04150551638778606
0.004258519174093938,0.391912201059959,0.02497007503330575,-0.04858969140537257,0.04497458696066575,-0.07171396190885863,0.07452640221562735,-0.05728188142742187,0.05464724793940836,0.05424762564079551,-0.06023107984786693
0.12531111822960636,0.4692496800483807,-0.010582133090872074,0.0068716896464010345,0.05142723833110081,-0.05948628721062706,0.03696830180201628,-0.05386625866354837,0.004258519174093938,0.0450241124357038,-0.04518019000551572
-0.1719831493660086,0.3681969827813501,0.0528500409807479,-0.16274367644511017,-0.07229453884970177,-0.0975686029213526,-0.060928262394750105,0.017733306146638355,0.12531111822960636,0.06895183321887309,-0.07730459103451363
-0.10278115285401923,0.3723668871918872,-0.056106069902947274,0.4164264542690866,0.18704557497618893,-0.004560600218643269,-0.1247694565408236,-0.16634923860700607,-0.1719831493660086,0.02236176714861433,-0.02362434762221414
-0.02249187173847041,-2.177911659968618,-0.2273338000906986,-0.000957112833048672,0.023496997660696562,-0.2605794633232955,0.2001921879054653,0.016088916947009355,-0.10278115285401923,0.06895770151787824,-0.018950221680218725
-0.05139743309448956,-1.7026941999344276,0.005930384904609247,-0.007544300644812583,0.05111272921761905,-0.15923662443640943,0.0158730805789748,-0.03759462860269016,-0.02249187173847041,0.042530479669052365,0.0169321975597391
0.045669795213274036,0.34311158076494497,-0.23612777420571798,0.06330821804464241,-0.07981288487545023,-0.01067117473864399,-0.0160502201148249,-0.03514133775604272,-0.05139743309448956,-0.004999758749590043,-0.04844244243180917
0.001779285411841514,0.2855238142242423,0.026753552248409793,0.09340639664005895,0.21552859724624443,-0.09049992855541465,0.0505960392874013,0.08703133494674134,0.045669795213274036,0.05661933742563958,-0.06303169853034848
-0.004818577352056334,0.1692156669620726,0.04414217741845793,0.0651708425220737,-0.051604101863335576,-0.037513113547769324,0.0011664235164041516,0.010757838826663169,0.001779285411841514,-0.008146955804939111,0.002877114083318551
-0.07960453706001354,0.383497651097231,0.2742978737299864,-0.019919122302646298,0.009994617512596051,-0.04345689836337346,0.003233202640246016,0.006615254731225039,-0.004818577352056334,0.01759299836699235,0.006185015720815429
0.07469534914712857,0.4971540425194299,0.22118944017148898,-0.16605034601839389,-0.1083914838710125,0.04839840718449435,0.1322537404914115,-0.027451698384610215,-0.07960453706001354,0.008046632376972273,-0.025094833914673563
0.04960535574677197,-1.3015950067624855,-0.06346727150581943,0.02280784291006153,-0.23522424527461347,0.037997649214205606,-0.040498510090251544,0.07671139089846434,0.07469534914712857,0.007870717929980783,-0.01625579838643613
-0.011150275127717822,-1.5034073608359202,0.10159441325034374,0.09884591289966528,0.016609765182483725,-0.0804782630849293,-0.03206507181867453,-0.044650445042933425,0.04960535574677197,0.025559183397831316,-0.01617450937871341
-0.04000953526971201,0.4227846098560097,-0.1323674412266569,0.05273854264205675,0.06985468976550807,-0.05892948241905502,0.04173610464668534,-0.015064490557908478,-0.011150275127717822,0.029875950552942527,-0.03733918982651232
-0.006283051268241731,0.3579737047019169,0.015545172183523241,-0.014433581078648885,0.030208610047793613,-0.019994977686016924,0.0941935489247093,0.11402707026775045,-0.04000953526971201,0.0864821541783947,-0.08463102160661601
0.02029279102842094,0.3672212510231972,0.2695331824048028,-0.04682472280965728,-0.022232763312353,-0.05020556338503283,0.0070026668949765055,0.022140467920682833,-0.006283051268241731,0.010716095229686761,0.005506511081290116
-0.00199119333477938,0.5384206853547732,-0.012480296206973161,-0.02666669739877539,-0.0059219937729859465,-0.02576148020699503,0.037194500660137395,-0.04159727583368765,0.02029279102842094,0.0003856692969823116,-0.04366728559992147
0.05171089148161513,0.41381152555771417,0.12562973027893717,-0.27489961878490266,-0.12160659243651963,-0.021698790174227694,0.09513649323062731,-0.06068791222203237,-0.00199119333477938,0.006631284376960649,-0.011363240380216175
-0.054790524118248383,-1.0404787806629587,0.38255070905107014,-0.19901779871419276,-0.06967170480677079,-0.05705368806007672,-0.02375117454518662,0.05205233299166885,0.05171089148161513,-0.010314612477363254,0.007204284006959504
0.0031819816628173314,-1.3527070809856683,0.2838148376702918,0.1253958236828918,0.09027769564300793,-0.08280358846400383,-0.011927798822045747,-0.10455013669418724,-0.054790524118248383,0.00207694233561716,-0.0009533255593419506
0.02473380980423666,0.22033238136308345,0.03460709611341904,0.13447768749057437,-0.055619268069773624,-0.01719721356841432,0.0036737972336642376,0.0023563944012743743,0.0031819816628173314,-0.005077613927911428,0.0025044922187455985
0.040355528655132505,0.47278175461932564,-0.12008214742782485,-0.04117682694076982,0.10583912024268428,-0.10119176091575578,0.025201042383942218,-0.003676403764580879,0.02473380980423666,0.024143588829526445,-0.025685173243059047
0.036411848263941525,0.5595864193606828,0.1523533953958062,-0.18710938352960713,-0.010717529093159029,-0.044717119882679346,0.05931516612353748,-0.023680284121087677,0.040355528655132505,0.043166588869895016,-0.03921872045424248
-0.07470863714927974,0.5958196287699729,0.13475853033026713,0.008980201991530181,-0.0008639378363573124,0.02653578432688914,0.015869985938208396,-0.06511658103816569,0.036411848263941525,0.03542922751405715,-0.05538640238121679
0.06949697369626559,0.4340612229869687,0.10543970103434436,-0.02686096250298575,-0.1204224635842342,0.07027224422990822,0.0631488316630843,-0.05293915095533163,-0.07470863714927974,0.020410037091968362,-0.03173250431510284
-0.005331565927480033,-0.9611632258777293,0.34046900321196316,-0.12764941990503306,-0.0200881594794024,-0.03301561161593322,-0.0329264519291991,0.03136107561267613,0.06949697369626559,-0.027378719435985733,0.038920270773183316
0.004173998344954338,-1.3424806668034923,0.19180636567147197,0.2502273405639883,0.11501436602095949,-0.0020551472239183272,0.031673442201142134,0.016091656317481332,-0.005331565927480033,-0.016438770496409547,-0.0073105957511122085
0.024295968059711504,0.3272950491160937,0.06287554280963593,0.20330768096136315,-0.03984802564268507,0.004119596092542429,0.0017903818496217115,-0.014183297012105762,0.004173998344954338,0.011683758489734682,0.0034596769013183534
-0.01452501131605747,0.5510214998061945,-0.2679863235309051,0.0066200725712458955,-0.026294646923891187,-0.015618690863405837,-0.02447681718309304,-0.012222691037106248,0.024295968059711504,0.006700993643694355,-0.010267519010345783
0.023026458389015826,0.6135694047478407,-0.04755581631602741,0.05970250853016298,0.1073046490596719,-0.006672152845097886,0.02568868632019724,-0.018874903249446844,-0.01452501131605747,0.018095529770839815,-0.008706329739147063
-0.024863731948003405,0.6792073803474105,0.07452804893267112,-0.0553072404020187,0.005690985183920167,0.016202377733826497,-7.83366458321361e-05,-0.0775089509845377,0.023026458389015826,0.01701128605567427,-0.020543730448198995
-0.0019199921275612954,0.48242941112227294,0.12094008436320867,-0.12670673449925748,-0.10118558580654398,0.020803769972105004,0.03799668518684138,-0.07051189121160888,-0.024863731948003405,0.011197888664910609,-0.021215706938379483
-0.0652613664426391,-0.4937067109327198,-0.2029662282990523,-0.14287236134546885,0.03042007761684319,0.029620014783443036,0.002335113140955239,0.00939061211183541,-0.0019199921275612954,-0.029322449331579882,-0.007953939909067906
-0.05471213401119929,-1.3430262629111498,0.22583728560905003,0.1482088258623152,0.1987275449758025,-0.10263460692943839,-0.033017922039117076,-0.07017830748257069,-0.0652613664426391,-0.02064452860139105,-0.022092484634180922
0.00027874666879775667,0.5460552091366411,-0.20852868441555206,0.055511798335726996,0.07006364877914255,-0.009167144595551764,0.0030762935733349606,-0.03617562573911473,-0.05471213401119929,0.00290904501461735,0.009585397343605312
-0.03861418261087484,0.4147701481544187,0.17971920844178804,0.14053187272571593,-0.007632847121386618,-0.006147198337435962,0.003310579820432051,-0.01355455941915781,0.00027874666879775667,0.022251464968931045,0.0053203167590262085
0.016553289712273035,0.6691323370459458,0.009897770744001081,0.039844600365412604,0.09795937743974065,-0.0388246077852562,-0.029059893860304276,-0.06797141747937208,-0.03861418261087484,0.03393357006994334,-0.027489589207302746
-0.13604962973669346,0.7946111837314821,0.03291847151536729,0.019054230978490357,0.047144439212630486,0.06849580897345506,-0.028977521570558155,-0.0391085812141146,0.016553289712273035,-0.0001414931412907641,0.0008015731509877264
0.0006418224822387942,0.6764584160022039,0.21894228416236491,0.0004948223008664069,-0.11217191169956953,0.1413384463934645,-0.013966517854500843,-0.10637949983502412,-0.13604962973669346,0.016992335231121404,-0.003896751045412544
-0.005069480172894181,-0.3499519991294113,-0.14926704841128274,-0.03436861326521337,0.08679560015885948,0.07836951924767256,-0.0023285125651453,-0.028609408177809888,0.0006418224822387942,-0.004573948588148689,-0.007847346813467175
-0.006200435520928389,-0.5865008470567186,-0.21848823145391685,-0.2085327819639086,0.21381127963681276,0.17972097259506725,-0.015660607863268037,-0.07338017528656188,-0.005069480172894181,0.12377572860515663,4.447340963591482e-05
-0.002384937942452811,0.6838465218480096,-0.05300645046145406,0.09351762089601859,0.031672230838686005,0.0905872369611947,-0.0017655528425482266,-0.0681675015704993,-0.006200435520928389,-0.0018291303420937294,-0.003984899416742143
0.0014305596360228109,0.6334280318602322,0.11595410861702773,0.13469710889266728,-0.019671621943985647,0.0001613371771724988,0.004120066760982141,-0.02431848167161735,-0.002384937942452811,-0.025784565834663514,-0.0006917420733266329
-0.09251746200052063,0.5830095418724545,0.28491466769550955,0.17587659688931595,-0.07101547472665747,-0.09026456260684967,0.010005686364512243,0.019530538227264624,0.0014305596360228109,-0.0497400013272332,0.002601415270088846
-0.09692395690345973,0.774505509861646,0.21645948124605455,0.0023039245808287286,-0.08747813072796994,0.08759450781037736,-0.11221486361517255,-0.11387487402152008,-0.09251746200052063,0.049282147222105686,-0.02920729078818141
0.01684495047469957,0.5660555245277018,0.17735067849225009,-0.027056069150108313,-0.20054663828609712,0.17332852712857832,0.018924026182719166,-0.07372946710956775,-0.09692395690345973,-0.009488834042308146,-0.009690321709733987
0.003397559258920144,-0.9828689997327621,0.26890734567126157,0.05069858495319115,-0.22263741030241774,0.11004132080122564,-0.06802973265554092,-0.008398206524505677,0.01684495047469957,-0.040692714031516725,0.03189402432112568
-0.05949525629115956,-1.3427583466927615,0.1929915160333162,0.11439665603409822,-0.04368371093057622,0.016197231284370183,0.033791493848250934,-0.0809452088361961,0.003397559258920144,0.03320977582440416,-0.0020432265248527992
0.04740250119907186,-1.240847956935809,0.076096336479966,0.1382040211085185,0.10771077244633524,0.01673116176559449,0.002083253074404009,-0.12153557763486955,-0.05949525629115956,0.0612424434227756,0.015821687663648352
0.0910648254382616,0.6891343664828634,-0.13960875097269626,0.07753826845200636,0.14585901849191554,0.05747659507010298,-0.05970326458234222,0.021424471716027307,0.04740250119907186,-0.0060857688805867035,0.02052382859660972
0.033602110851590074,0.692528894993302,-0.3143099017198712,-0.037495893477631125,0.19590274081921996,-0.09370268960772932,-0.09828518573688794,0.09656343566846172,0.0910648254382616,-0.01766415409593854,0.029967283559932445
-0.15634444904404082,0.7455015463616254,0.02092952682684755,-0.06568734145591264,0.03956297305700489,0.04622583980345371,-0.06624567162588327,-0.005661960749638483,0.033602110851590074,0.014176856745100391,0.020909479096268602
0.04378461897929126,0.5445695353160459,-0.028082862905727972,0.09571767195195864,0.006800060083320501,0.15499289270158328,0.11603874229163053,0.1495699206334654,-0.15634444904404082,0.01538604385689161,-0.0288376985475371
-0.05709995456947629,-1.8653063296446741,-0.3504946153963836,-0.29489280707766546,-0.44595225018372237,0.015292203815807199,0.024557764728002453,0.0853798922162617,0.04378461897929126,0.0660062672409311,0.034654095889822115
0.0047335774229976145,-1.5099004692118767,0.06619423359153631,-0.04291961235083293,0.0036952920403608707,-0.09426546625350521,-0.04455506308544451,0.06115580042778005,-0.05709995456947629,-0.003914142367002,0.015970530005159942
-0.10348795566389347,0.3388667747803152,0.07726460169685657,0.2038756562592953,-0.036548352781422336,-0.016066433589644793,0.0013992414931067421,-0.01154370295421664,0.0047335774229976145,-0.002208376872902334,0.003365779427272515
0.0010864064967804796,0.6670258390148477,-0.020022857411415476,-0.11730021554004773,0.05485877900118232,0.02810031767193166,0.015843059113474375,0.14387428681772235,-0.10348795566389347,0.017922113846364343,-0.018113875143842124
0.1082648506340414,0.43958645749446074,0.19607135715693633,0.1488530497807957,0.010316204374891747,-0.009849253601707237,0.0001924868821645622,-0.019905043685978164,0.0010864064967804796,0.024340053562224705,0.005841653055993159
-0.040889173426073976,0.48633087639583245,0.0036394608121098383,-0.06267003654715611,0.06668243941112065,0.0005729317428840376,-0.018473612652410216,0.047028833637286195,0.1082648506340414,0.045149481892431974,-0.015104072745436223
0.11528192907183733,0.554463102500709,0.0015426070475452755,-0.10629652501391872,-0.04987778977562305,-0.007258508297208695,-0.07581717560633291,-0.04133929113686245,-0.040889173426073976,0.012711258895361632,-0.00706173607449767
0.006864834205847796,-0.7506526621849339,0.35856504345420415,-0.04790236942055782,-0.10393223505637768,0.14310166773213512,-0.18335124957598467,0.050533765990822495,0.11528192907183733,0.044089734440644214,0.030021050208680546
-0.0006647429960718445,-0.8019127784646002,-0.4547498414770542,-0.03588776149945382,0.08297636755698684,0.08502166723242544,-0.00788410617234499,-0.030010057380548395,0.006864834205847796,-0.03942893134485126,-0.013302089713438783
0.00034658805496062014,0.34772886043207096,0.17893336416368213,0.06814661808224609,-0.006806269902932018,-0.01880547837367037,0.0014239515915282577,-0.004127297072551995,-0.0006647429960718445,0.019832552498274838,0.0051862282369767535
0.003892396225848641,0.4177210434916605,0.19360848367532513,0.1273642741596771,0.03342674919325397,0.0024784010102469286,-0.0020253005109037337,-0.027090352401786255,0.00034658805496062014,0.04243598595676183,0.007208227478269151
-0.0003954652517453205,0.4181366402115879,0.11737675705964659,0.20539243886451344,-0.043630210567009435,-0.008652894753723063,0.00018485229778345913,-0.012608192132278682,0.003892396225848641,0.015407253094223163,0.004965631051810368
-0.005499839323758736,0.4313247001483351,0.21114330803220047,0.11345364524222754,-0.0013573889175388094,-0.015483198118047312,0.001697188235221291,-0.010726745018430872,-0.0003954652517453205,0.021414344822789488,0.0058226462528518305
-0.002412137881833069,0.4557094360407339,0.30093653268848936,-0.006311978467448895,-0.027662020094013078,-0.06091335844808936,0.007803832134169442,0.020011170111627723,-0.005499839323758736,0.010069142115537505,0.007195555024727924
0.001046357409852184,-0.7088759571558348,-0.24192627909279604,-0.331565851112724,0.0007785854743063155,-0.051740965554628926,-0.005671350419763136,0.047748831149561445,-0.002412137881833069,-0.06654521329467106,-0.008650582510930337
0.007780411976434917,-0.7586169624809923,-0.2833438090687667,-0.22596232191294516,0.13962498297079642,0.02788730647955777,-0.01302448349139799,-0.016875007696167482,0.001046357409852184,-0.033484013049440355,-0.00941197644973672
0.0028717327163375766,0.33547855918979547,0.026228776108314568,0.2622588051940274,-0.0845384979164947,-0.0318358812782272,0.0024088232027559414,-0.0010359726062729984,0.007780411976434917,-0.029195689392281426,0.0016835139851143033
0.0021700644358316093,0.47310923154613727,0.15669881075123343,0.21773532433385878,-0.019125438853855956,0.0012130747352579287,0.0015395216080177382,-0.02212676546532523,0.0028717327163375766,0.02648341255588462,0.006010270330762354
-0.009917507517771013,0.46909593052116494,0.185706382272216,0.18185316348172959,-0.028046059960611998,-0.02399718950624306,0.0024088893062055206,-0.010013948923973778,0.0021700644358316093,0.0068208089584108665,0.004991075356425601
-0.00874370795136332,0.37246668126409954,0.34312276921944657,-0.15572772611533325,0.007498893174508466,-0.03413906376820544,0.0026534576005668798,0.019572354655660026,-0.009917507517771013,0.04443621494651392,0.007336284360238056
-0.009003422817383627,0.569721292174541,0.4220997860429324,-0.020373750202559444,0.06355386598336471,-0.010335861904711342,0.003944507076965864,-0.012642943014974217,-0.00874370795136332,0.05279481573532479,0.008171876524849603
0.0014691686825269068,-0.30336289125333915,0.03042299428480732,-0.2780639175484211,0.09266297368576064,0.02681043073299636,-0.0012546296277851064,0.004446029377137813,-0.009003422817383627,0.013512112297969994,-0.003610777455767032
0.001335327563443158,-0.4539874269887358,-0.2273603832411281,0.0021815954113289606,0.1290907992232427,0.09827456974880289,-0.0006925013707474466,-0.04928395617074105,0.0014691686825269068,0.0009388560173934762,-0.0079610392775369
0.004419605204833272,0.36499344089658825,0.11719564021925884,0.15203423732302968,-0.05509559065609104,-0.01684103275178831,0.00485574144664933,0.0018076120292402405,0.001335327563443158,0.006082202403744307,0.004056588546549622
0.0025527700281814925,0.4086213629880103,0.11830908431919528,0.2038738989033809,-0.04463448124282874,-0.021503400988435763,0.00020540855815887792,-0.009006151855798273,0.004419605204833272,0.0019673770858410766,0.004135132230852316
0.0005860004440167666,0.3193544042508892,0.10019144876418506,0.1447889264387234,-0.021105335484238916,-0.014831575922489812,-0.0003187632017758254,-0.011338356418207697,0.0025527700281814925,0.014055603791879168,0.004909159232372314
2.7364953714082576e-05,0.4356724486338587,0.19122469749284177,0.12608697159325077,-0.040584100949614295,-0.03108199477401818,0.002766805287875358,0.001270394044763755,0.0005860004440167666,0.007550761413856814,0.005042723497599645
0.0021325608805050295,0.21348309090479972,0.16306302118956797,0.03831703439120004,-0.012184554649601656,-0.057977020637221544,0.005484741175987493,0.016026748904705165,2.7364953714082576e-05,-0.06294458695562109,-0.00480782871285601
0.015664687296081076,-1.2636587673444954,-0.6810814144878925,-0.34312536122596365,-0.017562602052179473,0.0928325521288611,-0.018795430762813425,0.019574244443960116,0.0021325608805050295,0.008018011270724257,-0.012409852334818552
0.00690440349606937,-1.4767606474644372,-0.9590746895042314,-0.0944594501886619,-0.033433000195012705,0.0769937296111792,-0.019584703329549993,-0.00019636439790061603,0.015664687296081076,-0.0705703315238579,-0.018208810513460905
-0.05545978373190712,0.08526032348569178,-0.09828875109604379,0.20125085358231432,-0.01848809366339478,0.03569033468093094,-0.003005123630118125,-0.026716900600771098,0.00690440349606937,0.014245711514316667,0.0010702428810006723
-0.001257280271682876,0.6253600380544153,-0.19919198313295092,0.011911430192190863,0.06274411879661057,0.009734394847761303,-0.014433858002016096,0.006072940123509826,-0.05545978373190712,0.016674406137041242,0.013691226231821438
-0.0003337016409270188,0.23572385555960104,0.14265723305003555,0.06678752123959242,0.09888577240718098,0.03817881712121058,-0.003081642948839368,-0.042993142830861614,-0.001257280271682876,0.05259753547077395,0.005264985173119363
0.0016725469076231767,0.40197996701447214,0.18544223852834515,0.10921099909744172,-0.028422785940309492,-0.020041245138590055,0.0037628125647289883,-0.0010829257720197704,-0.0003337016409270188,0.011976556067367621,0.004563231922867404
0.0036787954561734388,-0.05708509101460157,-0.0370481957238826,0.018499134536003707,0.018030649183022877,0.003490178170102664,-0.0014349907602587482,-0.0072234992001149025,0.0016725469076231767,-0.008153457589553605,-0.0010384083887809573
0.005685044004723629,-0.5161501490436757,-0.2595386299761104,-0.07221273002543435,0.06448408430635529,0.027021601478795305,-0.006632794085246543,-0.013364072628209964,0.0036787954561734388,-0.028283471246474814,-0.006640048700429333
0.007181448831595641,-0.9752152070727492,-0.48202906422833813,-0.1629245945868723,0.1109375194296876,0.050553024787488,-0.011830597410234267,-0.019504646056305086,0.005685044004723629,-0.04841348490339602,-0.012241689012077688
0.01083137585882022,0.2877935008541873,-0.011573333115439026,0.2564779270234887,-0.0721348588727392,-0.0034239162055542155,0.0014789587053690729,-0.010755241591459987,0.007181448831595641,-0.0052138832179875775,0.0022199478165010745
0.002353508403123913,0.3144675018719328,0.07391905626668982,0.2673489069265979,-0.1521421011026179,-0.17942142199163458,0.01569242505497129,0.05493800661369827,0.01083137585882022,-0.18450842519603955,-0.006498976643162319
-0.012027054948151645,0.4023867593703607,0.16277033043949904,0.15179571036006909,-0.034969549040724766,-0.03796209078366162,0.0025581017771578642,-0.0013577959571639596,0.002353508403123913,-0.006901999513792732,0.0042681800142709446
-0.009367231130004714,0.47603554898735545,0.40428616374319604,-0.1703299919461827,-0.030954117220336745,-0.06558852704172485,0.0065237150124453636,0.0391390491387835,-0.012027054948151645,0.03675895580640039,0.008833253902383034
-0.006707407311857809,0.447917284830492,0.3462759397535536,-0.11087573967418976,-0.03250659351307748,-0.05464422928579362,0.005659614214390173,0.03044644750843939,-0.009367231130004714,0.033380043116144266,0.008172176999372163
-0.0040475834937109085,0.4197990206736283,0.2882657157639112,-0.05142148740219675,-0.034059069805818104,-0.04369993152986245,0.004795513416335048,0.021753845878095316,-0.006707407311857809,0.030001130425888197,0.0075111000963612755
-0.0013877596755639742,0.3916807565167648,0.23025549177426888,0.008032764869796077,-0.0356115460985585,-0.032755633773931404,0.003931412618279971,0.013061244247751218,-0.0040475834937109085,0.02662221773563208,0.00685002319335044
0.0012720641425829104,0.3635624923599012,0.17224526778462643,0.06748701714178905,-0.03716402239129919,-0.02181133601800018,0.0030673118202247814,0.0043686426174070715,-0.0013877596755639742,0.02324330504537597,0.006188946290339569
0.003931887960729838,0.33544422820303754,0.1142350437949841,0.12694126941378203,-0.038716498684039764,-0.01086703826206904,0.002203211022169601,-0.0043239590129370035,0.0012720641425829104,0.0198643923551199,0.005527869387328683
-0.0007215677284765739,0.30732596404617396,0.0562248198053417,0.18639552168577495,-0.04026897497678049,7.725949386219429e-05,0.0013391102241144123,-0.013016560643281123,0.003931887960729838,0.016485479664863797,0.004866792484317812
-0.008697559395585239,0.38251381152834935,0.18731550768198424,0.08135249472974039,-0.008499554217777447,-0.018466843171218522,0.0008251801217150923,-0.006015319185689674,-0.0007215677284765739,0.025533740555698643,0.0058754645168807434
-0.004886846539482826,0.5219571210825926,0.3848006506859394,-0.04367022487805255,0.006118215203998586,-0.04302861504369988,0.008118213677335525,0.012359729956851568,-0.008697559395585239,0.029454285616242075,0.007684431923431226
0.007442329958927451,-0.5573051138844107,-0.1999251228062392,-0.20620454006926636,0.1309615638149148,0.1292102725538326,-0.0069997761530821295,-0.03471412865260086,-0.004886846539482826,0.059183220482066146,-0.006139592904988384
0.007638337399830771,-0.8669244162795976,-0.48172528739886666,-0.048420804206739554,0.10621464672783666,0.07523688684756152,-0.009073721750579761,-0.03277830139693285,0.007442329958927451,-0.05026573467463081,-0.01483517267801963
0.0028086651195033544,0.43386151225945296,0.03663955675139023,0.28916391172220496,-0.11552765316568919,-0.02699347584577094,0.002092808981243838,-0.0002642999288199173,0.007638337399830771,0.0005115808702174066,0.00618597606904267
0.0040053567880214596,0.4168853518725481,0.11163142908904801,0.21997808680262393,-0.014666335640541112,0.019414855769377633,0.002551914171296678,-0.027101063446093962,0.0028086651195033544,0.03851482176074409,0.006469252341570824
-0.007870979748346062,0.4858592309234812,0.15344147131564875,0.23255812872240778,-0.04929777005369585,-0.014085489486529223,0.0028345690075386063,-0.011080755251741134,0.0040053567880214596,0.005925013272542967,0.004384917923304357
-0.002986321374810595,0.5036194101657555,0.3715925633875312,-0.07199727445340569,-0.03257629727333848,-0.0645463039152795,0.007474310280911656,0.029453936629790227,-0.007870979748346062,0.017431019877536275,0.007190425412893219
-0.010018158219692853,0.5132469110889576,0.2803361922660273,0.08068540118042329,-0.0340551462286103,-0.02920232805948241,0.005845423998600066,0.00605191396321689,-0.002986321374810595,0.016493204079617282,0.005575107006680692
0.008278670744339923,-0.5704648579729431,-0.09226061800832026,-0.3760013550492239,0.1311812544459519,0.06947067535396947,-0.0065959500228945705,-0.004052217066264278,-0.010018158219692853,0.03934686951267168,-0.005698900482625389
0.0062719371800281825,-0.9302130433845189,-0.5534873584922916,-0.03663594064804233,0.0734485486044717,0.0823668217832064,-0.008333397757234498,-0.029087107848447875,0.008278670744339923,-0.04440567791146882,-0.013340757546495347
-0.007067586692781562,0.28077312922453274,-0.008633746302495197,0.24333483589134425,-0.04248086569630656,0.023086669691667207,-0.0008352291640377027,-0.023583410602755935,0.0062719371800281825,0.024255613173366025,0.004290321766442375
0.010387311827941026,0.4233409568873568,0.2798636896161238,-0.0447586709236072,-0.03490086243080214,-0.027375451448765936,0.005642456045886987,0.019141189638995557,-0.007067586692781562,0.04253666622448228,0.008076953637066538
-0.00037171084938895086,0.2163312880222638,-0.13592778111278053,0.32668860562567953,-0.13759866568534826,0.01078656760809742,0.0033694884567961737,-0.004153415990915993,0.010387311827941026,-0.010527996271324409,0.001474416744150644
0.0034674021917147583,0.48938115421117984,0.21471413181054042,0.1637680660362469,0.013757471326734659,0.013971200157134624,0.002945274194566101,-0.0261401573052956,-0.00037171084938895086,0.0439695607968825,0.006743055366963447
-0.011274845526651079,0.343063775234725,0.0728172804958677,0.19045268101773075,-0.054865541210460896,-0.0042748043834157584,0.003008986053209245,-0.007805275011735358,0.0034674021917147583,0.013002287978958542,0.004505545288786884
0.0017435558595211313,-0.2618306216145824,0.10076851214067455,-0.3043165718857164,0.12211838789184654,0.008456025030510643,0.004680201219548067,0.007519231259576996,-0.011274845526651079,0.003432800570299019,-0.0024535704180912825
0.006398652517830456,-0.8649139256069135,-0.41369080231939853,-0.11780895944711474,0.18911219897282583,0.13158566713078626,-0.006255863674758041,-0.05776951656619357,0.0017435558595211313,0.01202071244622985,-0.009916365694423591
0.0035156768039847014,0.14609155528779588,-0.0628924644228188,0.20794138346024638,-0.029510163587215216,0.029206466720387465,-0.001478461861536539,-0.022426243695492926,0.006398652517830456,0.009322052355353308,0.00043492496945893956
0.005240597567142927,0.23632377403936372,0.02535183733597172,0.15982030940387407,-0.034518692181531876,0.007614016822001918,0.0008050956504760434,-0.012138829079324358,0.0035156768039847014,0.01756028000062363,0.0038325792575992818
0.0006029595025150871,0.37838708301480206,0.07175445411719786,0.22972130484329206,-0.051203687484420134,-0.005685409323772221,0.00012376444272820845,-0.014111074195811228,0.005240597567142927,0.010973743626084108,0.004584733628089822
-0.006177222920694302,0.45954728371676745,0.193135395067194,0.15137081886948492,-0.026670474605303567,-0.018056474666235892,0.003673813824534196,-0.008144649323549743,0.0006029595025150871,0.019027504359815962,0.006150774196573069
-0.018070940896372175,0.49876649801304757,0.3182014120292857,0.03314726749225157,0.04318495938078542,0.021352091817807655,0.0028647331825270863,-0.01959856809241005,-0.006177222920694302,0.06274970702412692,0.0070677656981639365
0.00614203340901787,-0.4600534811952605,0.06562145824442611,-0.5224749241604888,0.0935645067778808,0.04307343874730149,0.0011922713721669244,0.031618523123303294,-0.018070940896372175,0.04535489981376468,-0.0041224883910247695
0.00497155748258738,-0.758231868136174,-0.43839721502926715,-0.0008973513485915921,0.0918013782026322,0.09349140836028105,-0.003448351199696471,-0.036923915749603145,0.00614203340901787,-0.039567322320367186,-0.013549563445124896
0.0010724959678925974,0.2862509800858253,0.023856635677250364,0.2129374952296887,-0.03806968034406754,0.008773038982843527,0.0009624282642922673,-0.017278022828113224,0.00497155748258738,0.015508655960806347,0.0040803634567580125
-0.0038749792375231055,0.4034333890190027,0.14494280289134814,0.15493009270079616,-0.021243745144572213,0.006057021645236351,0.0017243184745967947,-0.015044476641477286,0.0010724959678925974,0.0334219601510432,0.006079030363121745
0.005762203335413648,0.3954141996171364,0.2256755966575458,0.054607927513234615,-0.002202540378603321,-0.0011197134134305626,0.0063512405198315434,-0.005549255271570744,-0.0038749792375231055,0.033762595521190576,0.005743980366599018
-0.004734207015609937,-1.3613318809538826,-0.7752018298717597,-0.2410309159570878,0.07597547323412049,0.13455851934775506,-0.021422011159029523,-0.026196670210517567,0.005762203335413648,0.02291293584219578,-0.011431985393537215
-0.012289500852075606,-0.6193973678655196,-0.21091249212475704,-0.25561762412684125,0.15098356043339162,0.08176801405216794,-0.010836052850876158,-0.03021174242170587,-0.004734207015609937,0.049204242554569746,-0.0028463741173249046
0.0003567091943887812,-0.6081973786732588,-0.08107200050545124,-0.4098606789664459,0.13796040324621736,0.0660361584145748,-0.00016482675919487133,0.0004211352047816215,-0.012289500852075606,0.03558961430167171,-0.00461278800651357
0.014002386589144029,-0.8045939270422428,-0.33510617332020914,-0.17050112180658872,0.1854478730603123,0.07869459878762744,-0.006152489127679715,-0.04111309205452485,0.0003567091943887812,-0.010386668844870146,-0.008921186507393604
0.005258943528627694,-0.34870859828012774,-0.46587549353984353,0.29306692384324623,-0.029452044662179686,0.11798822812150948,-0.005122894920458852,-0.04976718073857742,0.014002386589144029,0.018261342478531166,-0.004071778263051091
0.005319012354270062,0.12776143388391978,-0.049860982496705904,0.17384643475965914,-0.018848357162897064,0.008159246949838382,0.0003367648271047456,-0.01848454362801837,0.005258943528627694,0.010044117980572701,0.003283756954527396
-0.0036294385735297875,0.3762493364106866,0.060527159032209385,0.2490662731978382,-0.05262140491413715,8.074740924617036e-05,0.0026528316419995287,-0.015060861952035091,0.005319012354270062,0.008431461626400698,0.004131374708101229
-0.008525776536339597,0.47655446144320085,0.3107008047053834,-0.00522055008292541,-0.020467933679472895,-0.05735575942762378,0.0012861931459123106,0.013581543173692782,-0.0036294385735297875,0.015376028760633879,0.0067121188070221605
-0.01431230452760712,0.5351815529438414,0.39941268092672255,-0.045237041008956314,0.02327532957320782,-0.041966347736440174,0.006617228850749317,0.007158308578352638,-0.008525776536339597,0.03350829439599274,0.00812333670007637
0.007834208577945902,-0.3586579616485376,0.08387849343276307,-0.37998807739035856,0.1856316125724079,0.06507993570889145,-0.00012734764792450494,-0.014624662818640702,-0.01431230452760712,0.05775809641757137,-0.001294379587197072
-0.00024035690642440998,-0.869872810691398,-0.5415721532551211,-0.0068627783070646185,0.09601018665443917,0.13306712195995976,-0.010480582664077465,-0.048443808911672076,0.007834208577945902,-0.0012596279307034012,-0.011832563925750604
0.005301858508349119,0.29648006473704924,0.09410129682860315,0.09185552308280767,-0.05271256587971788,0.00016574553275653227,0.0020270153615145514,0.0030310211763555912,-0.00024035690642440998,0.030944349505561512,0.005523877328810907
0.0007721802850294964,0.3573367113588376,0.0901697980981658,0.22010564574865735,-0.040991509818859045,-0.03170562448375493,0.0028146732884644747,-0.00748467008247682,0.005301858508349119,-0.021898519840499366,0.0018796373440555555
-0.00026682780693512795,0.4740374592140696,0.18969874100840867,0.1704076323592662,0.004748288685709169,0.007999968340526834,0.0007766820632028499,-0.02477895597715296,0.0007721802850294964,0.04396075177966844,0.007527564580815513
-0.007912944346565781,0.42598812336591707,0.1870946891427599,0.11664827277322161,-0.030604948453112634,-0.021638478076831093,0.003672751590277404,-0.0020285130001686134,-0.00026682780693512795,0.020325968813596357,0.006265636070127018
-0.009902114205315582,0.4821991925596446,0.3574161010634611,-0.05048805363660319,-0.004362126556581901,-0.04664395719810103,0.007450901907729828,0.01674733824870023,-0.007912944346565781,0.023796983349736622,0.007108192913890265
0.004670447688853761,-0.3579737882014833,0.011006729014735895,-0.2746247899981343,0.16062677718500437,0.07277176185454341,-0.0012854077510515035,-0.021439055706680987,-0.009902114205315582,0.04379687185305641,-0.0027966420565021417
0.006766931367376247,-0.8602730615202909,-0.4647346535983325,-0.07754422675858569,0.10589544659939433,0.092581123291268,-0.005120349918469195,-0.033137772696819646,0.004670447688853761,-0.026773793229840474,-0.011940188822329483
-0.00036445088084664573,0.06612489567148605,-0.09519595941733079,0.1731743362247666,-0.03905750413157089,0.01025615573249655,-0.0021335377088766575,-0.012815794025524548,0.006766931367376247,-0.003177942856753975,0.0003379672001245739
0.003045056052462304,0.3945377799176756,0.18907967521390087,0.05713550042042742,-0.07627573718309148,-0.048542693795581696,0.0021042422778242953,0.018520793142093508,-0.00036445088084664573,0.006272754944334623,0.00552020149748644
-0.006688677770875364,0.34624580832640817,0.09468360569371988,0.16546444907233845,-0.05236334799467722,-0.01617807791645475,0.002084824031111098,-0.0028945598396597893,0.003045056052462304,0.0068915281387655755,0.004277090674990822
-0.006066952640057014,0.474297366418325,0.34753297263449373,-0.0499205869788513,-0.007093580625910582,-0.05563823876498044,0.0051542935592101,0.016382642897738452,-0.006688677770875364,0.021877888587016076,0.0075707840214989585
-0.004499942777741288,0.4756023410192363,0.32138434444612973,0.0031494974490587713,-0.0005665174556977133,-0.03146885570912777,0.0071388498332125684,0.006629028937052634,-0.006066952640057014,0.02386260729963983,0.006354649634072597
0.0063663995942843075,-0.4651589741924964,-0.09935827460224934,-0.2324533169178927,0.08735874178195543,0.014774869283634346,-0.0012472496855163028,0.004276363427165602,-0.004499942777741288,-0.019821120975305355,-0.006042356729386163
-0.004405061228545589,-0.7934886201688665,-0.4571999490286925,-0.03307597145623572,0.1062975453973615,0.13103752657530016,-0.01129947481468566,-0.046030377168095736,0.0063663995942843075,-0.004859980103147081,-0.012932442846912692
-0.00013393769857631018,0.3584731442429548,0.2230610627669457,0.004240692012687355,-0.032282377176661624,-0.021674140942668375,0.007486509079580118,0.013519541334749677,-0.004405061228545589,0.019943671409474156,0.004811440111016297
0.004137185831392918,0.21877885486191695,0.07428087505600796,0.08253192020557723,-0.04118102791933382,0.005773894714970845,0.005413050137228068,0.0016914089048862277,-0.00013393769857631018,0.01225789405283497,0.0021784819709130348
0.0032367107871176613,0.07908456548087907,-0.07449931265492978,0.16082314839846715,-0.05007967866200592,0.03322193037261007,0.0033395911948759602,-0.010136723524977206,0.004137185831392918,0.004572116696195796,-0.0004544761691902103
0.01008329948446269,-0.6550689105053298,-0.4168072312920566,-0.05154272988771036,0.03416778537862714,0.1093105571264983,-0.005518666952452516,-0.02515766070267928,0.0032367107871176613,0.02709994499357768,-0.0061740267154838675
-0.004725838846002535,-1.522462999661652,-0.8946872124130929,-0.22106465443168855,0.00648877366694446,0.07428378368243654,-0.017286127859875374,0.004516211329740377,0.01008329948446269,-0.054165300742022755,-0.01639183790027826
-0.0005433732039769985,-1.255055364581558,-0.5020084481057709,-0.4877261290270377,0.11127220935064742,0.0571940716247382,-0.01261472933269869,0.011171452877997336,-0.004725838846002535,0.004985114225622989,-0.008967838648945264
0.00433374158287722,-0.9377854154617761,-0.40881612579152393,-0.23007472227895334,0.15768795794943527,0.08489654634274076,-0.006421133572821818,-0.028500593713794202,-0.0005433732039769985,-0.005437479617867825,-0.00948476185115943
0.006231354037347208,-0.0546805527012443,-0.14057624043099456,0.12243275256325638,-0.024303225636968004,0.04691464750220347,0.00041043696318533333,-0.017519731148445405,0.00433374158287722,0.01556128853817962,-0.00047729706409647423
-0.00025242062361053517,-0.6095881987167527,-0.423088311765754,-0.017439818996480335,-0.0017841435647238228,0.038519735284124,-0.005525772053970259,-0.008427765864092928,0.006231354037347208,-0.0063895901555504845,-0.003743380839146812
-0.005182068070201046,0.13075450234834002,0.05579122791425585,0.061277002172946245,0.016558548482594082,0.005771213186609319,0.0029197473760350858,-0.011207489305988954,-0.00025242062361053517,0.008702290938812828,0.0016901523642978492
0.011781908492173915,-0.07739744676501652,0.05021994525082052,-0.10584693152224096,0.07348006225039819,0.02022647366628588,0.002438580256968792,-0.009932975093785767,-0.005182068070201046,0.021307830616258558,0.0006755958792205974
-0.0036826074324806247,-1.4017295530610034,-0.8197941090974368,-0.11845874597261051,0.02127747121034183,0.03185736402708498,-0.005836874953489604,0.00622165195483035,0.011781908492173915,-0.11919933978841193,-0.020244840559724305
0.009282215778449227,-0.886674776063731,-0.3191416148208326,-0.31142888958450926,0.13460910340632798,0.041590395760891755,-0.0026486143696497736,-0.0045436625426992375,-0.0036826074324806247,-0.021085954730253396,-0.008433492339943468
0.009538088110744148,-0.9587638516152621,-0.6193231848253054,0.005948984051433734,0.07186048584485931,0.11541895709812713,-0.008050993222300786,-0.04010284240891332,0.009282215778449227,-0.018900142995496166,-0.012062831150394169
0.007636926963121622,0.2414025950560371,-0.07324865873423199,0.29268508161821993,-0.08989789717752919,-0.0165661708624109,0.0018070919725459694,-0.008265083250489903,0.009538088110744148,-0.019298330884795805,0.002182866442829178
0.0076845577107735805,0.33217971457408757,0.001216716364613413,0.2666970793880027,-0.09380541219884643,-0.024930268339511855,0.002421697244841766,-0.002940846513874325,0.007636926963121622,-0.010645535231676807,0.00398190385551007
9.676897191893472e-05,0.3764345584705268,0.02319433609018998,0.2846679049441821,-0.09666470513578913,-0.01487878587975404,0.002342630881244249,-0.004697476350145866,0.0076845577107735805,-0.012129511235920319,0.0023742893829824196
-0.0009084039735828378,0.27534262723466235,0.1103205860232403,0.08160673392711137,-0.014906520531062827,0.0033681569822363905,0.0011293574657998105,-0.008088532470691835,9.676897191893472e-05,0.029224652924220516,0.0048500147328843415
-0.0008007027827790412,0.1983312683268233,0.0871855653193261,0.05260457431836828,0.009699571852134195,0.018793552291120518,-0.0002444151692379975,-0.013467132230013988,-0.0009084039735828378,0.034101186865418284,0.0037599448957403962
0.006876601705242997,-0.7270141222634084,-0.3093782709819172,-0.16730584398376538,0.11909025622796697,0.08382313589565982,-0.003368334151673294,-0.023350328432250954,-0.0008007027827790412,-0.010946597728434135,-0.010281006288909381
0.009751254686006707,-0.9927325500894743,-0.593440861619312,-0.11088376330811778,0.07445029107269817,0.1454149937446595,-0.018625633889200445,-0.04009851038446047,0.006876601705242997,0.0278257188694833,-0.010885761380632271
-0.0011212194787150885,0.0007069436939266208,-0.21187068387163047,0.2569999125353946,-0.03137415771273361,0.06638195241286654,-0.005080890314853984,-0.03756493682042957,0.009751254686006707,0.027891544542942966,0.0008984389833645278
0.0051088735995308675,0.16679953107184609,0.09362739790366542,-0.0049036943372141595,0.0009243739684838651,-0.011604152947994219,-0.0018965012331038484,-0.0026700586427761876,-0.0011212194787150885,0.03024500205068703,0.005355988298291131
-0.001334100810249577,0.3726931211205262,0.09113610210723927,0.21417186785753314,-0.05541794327506954,-0.03655120844471192,0.003099763792338216,-0.0031019148833828333,0.0051088735995308675,-0.015810969492698775,0.003796380325721871
-0.0077770752200300095,0.3876124237890834,0.2053916508708863,0.07014532152137526,-0.03089695711256955,-0.045100818960233734,0.005628153666402096,0.00922380283035625,-0.001334100810249577,-0.00040026592368297236,0.005163840767996798
-0.003339406282876872,0.4025317264576408,0.3196471996345332,-0.07388122481478264,-0.0063759709500696635,-0.05365042947575546,0.008156543540465976,0.02154952054409533,-0.0077770752200300095,0.015010437645332771,0.006531301210271735
0.010783741645193176,-0.6939881307131341,-0.22072992528845833,-0.2353282657286109,0.13070310003223973,0.05672992700709913,-0.0013378900088038327,-0.010246925606157245,-0.003339406282876872,-0.03018517493219025,-0.011556421507831177
0.009898577560856927,-1.1471553852030392,-0.7339421746113698,-0.029516858511563226,0.061023096249161364,0.11729136613344279,-0.010989347288602761,-0.03531890401798822,0.010783741645193176,-0.023098410182317737,-0.012903818100995619
0.005343633716986585,-0.344690961451175,-0.3566373994989377,0.16161238898011163,-0.03293776842035923,0.04207040813947412,-0.002517205483436628,-0.01873771973591926,0.009898577560856927,-0.021657116468590646,-0.004888596306162544
0.00172520724705872,0.3871930581981006,0.10062176544946723,0.21958301746786313,-0.07643297662245609,-0.056229740675142324,0.006255711765893187,0.007474322166086858,0.005343633716986585,-0.035536787966549646,0.002902383627505032
-0.0018748981066016776,0.2270690605283845,0.07311833014506215,0.11051622446602984,0.01634608479302055,0.01542887196853529,-0.0018732294180652759,-0.021739842679455265,0.00172520724705872,0.02780866255884564,0.003607368774976131
-0.005152007814782576,0.27490974806236623,0.1385686969429607,0.05803115427362652,0.03662033881960292,0.03494491888002978,-0.0009945249598375017,-0.02475824194344083,-0.0018748981066016776,0.05522722377781286,0.005357351442311325
-0.011128015371873171,0.43828298805477517,0.298054281530848,0.0032287463330602467,-0.03696316129858655,-0.07271126432773124,0.011943241198756328,0.02745765792523332,-0.005152007814782576,-0.01651801842722341,0.004802609092336927
0.007493269332438904,-0.47467160854068835,-0.0006108142199793922,-0.38400481373181666,0.1050676030899904,0.005995874893410249,0.002368163718893784,0.02017979515111068,-0.011128015371873171,-0.007339860016850468,-0.005766491021879425
-0.0011810085650723892,-0.9269973429404423,-0.5144186031084936,-0.09301648155640439,0.04947595854222199,0.04665629349651639,-0.007491776050912528,-0.008386953079499751,0.007493269332438904,-0.06648350032724254,-0.01385264541087876
0.0004440238486285927,0.16155927869402814,0.06018058306390991,0.010330091082395534,-0.05105359575218295,-0.01893103901624775,0.0024571619824894564,0.01464584693160177,-0.0011810085650723892,0.01700861415124988,0.0043151254798742674
0.0038268746341464733,0.20414842810202752,0.10948188030167533,0.04633542643205397,0.037660789958428205,-0.0033302481726568112,-0.004183872399439975,-0.019199476748708224,0.0004440238486285927,0.026332678897194612,0.00434118141207528
0.0008504737124639103,0.456566071182561,0.1325675349140368,0.2144145486175095,-0.04336039378895435,-0.0066978575285449185,-0.00025790051429971185,-0.014439044616221116,0.0038268746341464733,0.020026113223872825,0.005324237527337156
-0.0057950556756189275,0.473098992371011,0.20012180732032697,0.1295159361285305,-0.07095549259600728,-0.05492235032359361,0.004238841553623336,0.012182272201382216,0.0008504737124639103,-0.00011079003447196614,0.006498836444014261
-0.002864534353683166,0.4520257225536093,0.30275192322391936,0.004100328127792057,0.018317364925262883,-0.020531360244302473,0.004636845650338263,-0.0019293516494176693,-0.0057950556756189275,0.035500823901112546,0.006930650549699919
6.598696825253028e-05,-0.22417644508278936,-0.058237495729922116,-0.07816678312605232,0.1253475531731584,0.0762721430611622,-0.003546434114402897,-0.03850076717099397,-0.002864534353683166,0.046205547951087035,-0.0007290820791527138
0.005160214905666637,-0.9003786127191878,-0.41922691468376383,-0.16043389437989672,0.2323777414210537,0.17307564636662698,-0.011729713879144168,-0.07507218269257028,6.598696825253028e-05,0.05691027200106148,-0.00838881470800535
0.03077729099570733,0.2990714219344604,0.03257341576597875,0.2129036065364197,-0.034709764062285826,0.011554793032374333,-0.0009359458859337268,-0.01964608744035432,0.005160214905666637,0.01934236394416254,0.004191419708433711
0.004541300844172023,-0.20066193226291668,-0.7387654008621213,0.660678918602653,-0.37318523536309745,0.044204908304239614,-0.003376142011689386,0.012269980889510514,0.03077729099570733,-0.0858433561479805,-0.01003762962206652
0.001711691395323562,-0.22641646261952475,-0.20746908558973118,0.049220714131899816,0.01976587648360332,0.039586293842083696,-0.0065191821998981676,-0.023735780753486823,0.004541300844172023,0.026165312591603013,0.0012343620026087463
-0.007505670675543542,0.2832244685275522,0.08039867215161162,0.10385278167595405,-0.0518754514083384,-0.01114148992822154,-0.0017549040285470372,-0.0007609605031857513,0.001711691395323562,0.021199468675100988,0.004638457970662411
0.0470758830328907,0.45262460021585266,0.3319533495370625,-0.038325596512301933,0.022803828634137924,-0.021616718145941845,0.005297645752312682,0.002775531889741453,-0.007505670675543542,0.04005130908886596,0.007225598543940891
0.19291444644941697,-0.9870717864246568,0.40317651788221287,-0.20494445584421148,0.19327856238744742,-0.11769993705713323,0.11473520401173035,0.10850347146034763,0.0470758830328907,-0.0020846209158390475,0.037090838522525066
-0.03512622782007983,-1.392656905031206,-0.016731767064004012,0.29225366781551293,-0.11425002536774519,0.2040504523556019,0.3356274124915268,-0.014410640740329127,0.19291444644941697,-0.021162963309013703,0.02634596792675214
0.003045684642075616,0.43210006224495956,-0.33215412258233495,0.009887570095607331,0.111320142293316,-0.006556925244488685,0.019457938386713215,0.0857466927328632,-0.03512622782007983,0.0027816867590319677,0.03304106166606027
0.0015594323320472718,0.40293709032779484,0.13401725546461477,0.16992305111126127,-0.06885131179588885,-0.045803171499983406,0.004570046192669298,0.007385458155821774,0.003045684642075616,-0.013794777345461287,0.004069931381485306
-0.009027773932638221,0.38442279133266866,0.15045314704685536,0.16533098166702004,0.03265264280740774,0.01772730339793963,-0.0001251266696361207,-0.03196242799229612,0.0015594323320472718,0.036835256931990815,0.005769608033762912
-0.005132489508509986,0.4048368217762554,0.3407660587459628,-0.1036301042453266,0.03701805550254441,-0.020669905270095375,0.002866565361181151,0.004199351024681577,-0.009027773932638221,0.051791024139347726,0.007975541490201772
-0.0024849663048079583,0.513460358382975,0.335034302156109,0.010682551350250266,-0.020328637419654277,-0.05178693233931525,0.006216690816994728,0.014095344405933916,-0.005132489508509986,0.013814506320431453,0.006782659689560315
0.0008029699823012735,-0.6449807763117162,-0.2561012286748521,-0.1762032102270212,0.0870889502404694,0.07731094581967811,0.001389477561145291,-0.010613830208570813,-0.0024849663048079583,-0.013789812791787377,-0.010375603806798655
0.007785067656162436,-0.7756204702994051,-0.3552340003076048,-0.1471147799627751,0.08472243666562118,0.07224300861346236,4.954223242815397e-05,-0.010131317243503555,0.0008029699823012735,-0.03755989605098553,-0.012450702431921503
0.003889718631429793,-0.02276018129076372,-0.1581644034423709,0.17646967388796617,-0.06623066735596264,0.0005004288502141426,-0.00019860993809782057,-0.0036389371688365364,0.007785067656162436,-0.025196556133540913,-0.0016450738592680674
5.4173268390730137e-05,0.32861768352947285,0.06631391751918385,0.17470529223463135,-0.05523343443082008,-0.0026242873933343116,-0.0009820765171710858,-0.008070168677959618,0.003889718631429793,0.018027440105359126,0.004487942625263342
-0.001788213855933467,0.2626334001483942,0.10974437185733361,0.10551032875903352,0.042226475537215695,0.03842561197611991,-0.0005660381086215882,-0.031601893308713214,5.4173268390730137e-05,0.04668729903912049,0.004547217719067486
-0.006169354091700715,0.48118533831462545,0.25195298016019974,0.09812210655959104,0.0022724255165146126,-0.01559895223178366,0.0032180730842354247,-0.010515639205752356,-0.001788213855933467,0.033031572043555564,0.0074967340213344235
-0.010149504153276982,0.4748879362048439,0.33065119711905067,-0.019773063873481465,-0.0042250289709930425,-0.04135590321864342,0.0049535078202723485,0.011654487856928082,-0.006169354091700715,0.021791070944155614,0.006539050666929207
0.0025663022673924475,-0.3118064888290765,0.04916825867456811,-0.2665670975202812,0.1700717488530238,0.06411693306925238,0.0009218765644677799,-0.02274352674067501,-0.010149504153276982,0.035060476731643656,-0.003396164226090755
0.007653126986452869,-0.5814766384009585,-0.29568393467237564,-0.004280428382288723,0.13768093010679075,0.1015343779127022,0.0006727138346325563,-0.04813803642868062,0.0025663022673924475,-0.01794930108442373,-0.010791614575312072
-0.006431183498838508,0.3272876743165793,-0.01398384947278893,0.28348317732810924,-0.08210700648000509,-9.181823891606532e-05,0.0012519558008160462,-0.01288408491086373,0.007653126986452869,0.0037833646146868322,0.003785077162854751
0.0032739794210242036,0.33107113399333293,0.25693955275629093,-0.07666327012882858,0.01125338676347805,-0.022644064115759734,0.0010056844761149927,0.006040744866011304,-0.006431183498838508,0.04486529223352169,0.007368845084369272
-0.0012700548363335164,0.4470713874942592,0.13006016532576534,0.20349035556615658,-0.05731154114994637,-0.010732384491463779,0.0005396524432955018,-0.00940764489117489,0.0032739794210242036,0.01752771889050381,0.005121592694479934
-0.011984215011039018,0.6839333023045989,0.34441656313461166,0.1539311809923163,-0.03288272267942595,-0.059287565927425484,0.006409918158873012,0.0007002822296335108,-0.0012700548363335164,0.016104384329714796,0.009784246017258538
-0.016224301074270645,0.6292484529169976,0.5176402153820887,-0.11318038757817185,0.04424463181516525,-0.051707282574131645,0.005773561546747194,0.01040759810416308,-0.011984215011039018,0.044588217817405316,0.009678356487826315
0.0021473544654214737,-0.26565370750503264,0.2008660752832936,-0.44769025670058027,0.10758595159842019,-0.03246261626193232,0.007046888551005141,0.03727751483463935,-0.016224301074270645,-0.01743587242500487,-0.004105814066732521
0.004150920413850175,-0.7367102100720841,-0.35261858595462564,-0.09704377136578367,0.16561368247065456,0.10236478920905914,-0.006653993954527186,-0.048795713385718,0.0021473544654214737,0.0017788484550321356,-0.00925346316970561
0.0005862037931390374,0.3227225127084716,0.06288759789449903,0.19555031617195837,-0.028037639715738524,0.004755063976309508,0.0005010969611799662,-0.01729053295472713,0.004150920413850175,0.019309678784561128,0.004714767264589375
1.7229853284011263e-05,0.44443193845249435,0.24633185751273126,0.08127560806837328,-0.07648455264435298,-0.10189200710700481,0.007877913398290547,0.03193352195871027,0.0005862037931390374,-0.05427440823095488,0.0019093685266341972
-0.00386149383013933,0.5015090533404578,0.2343425005803149,0.1294169001560661,-0.04728756447168992,-0.05517565937342435,0.005743595200727656,0.007739013250875725,1.7229853284011263e-05,0.0008207302006267062,0.006829441063773145
-0.007740217513562697,0.5367489435419993,0.3045300010180895,0.06199499236221159,-0.040862708393940676,-0.04227303379816755,0.006927914463975029,0.012996102537787798,-0.00386149383013933,0.015461703034233752,0.006609782699320089
-0.013595372036627447,0.5719888337435406,0.3747175014558641,-0.005426915431642829,-0.03443785231619161,-0.02937040822291073,0.008112233727222331,0.018253191824699803,-0.007740217513562697,0.03010267586784079,0.006390124334867012
0.0015838897349493982,-0.3100181755878031,0.12282473163237424,-0.3976395317850471,0.1671074897216356,0.04897004774234264,-0.005033179899108405,-0.008300695253923093,-0.013595372036627447,0.05355572592285344,-0.0011427790989445078
0.009636926572302888,-0.8009275620744165,-0.3659039223977946,-0.1623383940352158,0.12700092333588753,0.08799660411348043,-0.008542504687746401,-0.030266319294695775,0.0015838897349493982,-0.011391883869106466,-0.011306310000213461
0.0027407823171947884,0.48102721388055975,0.04798500717120008,0.34755089452642385,-0.16153680415759794,-0.08134184907229403,0.009755686198986747,0.01992671344993194,0.009636926572302888,-0.06123450656854671,0.0030021532359472444
0.002740676872263164,0.43146087232570207,0.1453760933399631,0.19763882719517334,-0.007115047839081693,-0.004759211376346969,0.0015382791820072288,-0.021413734307802176,0.0027407823171947884,0.023929685526288526,0.006296139390196501
-0.0035112156532009216,0.47031168980147764,0.1573382231590368,0.21674567734159372,-0.019932421488152958,-6.775290397159483e-05,0.0029785949867376553,-0.020108643063150588,0.002740676872263164,0.023093798279291623,0.005871610827968113
-0.0077012014345771715,0.48315664303174827,0.28532616769146407,0.049876165493471306,-0.01041016332849624,-0.03727564357076509,0.005486220568977936,0.003777559443062372,-0.0035112156532009216,0.02063051077572157,0.007037495091839204
-0.014213272351411947,0.6678048031295343,0.4300199535203936,0.02617258714374752,-0.020210627213162385,-0.05009710216976182,0.010574494046133798,0.014037565520471312,-0.0077012014345771715,0.024871888454371625,0.008490948754926356
-0.00117019206733838,-0.14933879592631424,0.21491166734323044,-0.34847237230599554,0.13693735472918972,-0.005752960836750953,0.005541502587818885,0.010921994860850758,-0.014213272351411947,0.00994833442006298,-0.000883211932724943
0.0027746640853778203,-0.912802317942197,-0.3806109639443672,-0.2213667414845215,0.1643287382218032,0.0952069804791601,-0.005182298327157132,-0.031544067935053724,-0.00117019206733838,-0.014200545060908227,-0.01355931052871303
0.0024038872248825266,0.19799326620935084,0.04696008418532546,0.13020634510340937,0.0056740757633534,0.003323649996099473,0.00045031958471719607,-0.01717266507972384,0.0027746640853778203,0.008633924908479047,0.002784940268733923
-3.973102843675114e-05,0.37227904720566835,0.12221910661218145,0.1787949404962654,-0.021677473642482643,-0.008208350114811712,0.003951845325588765,-0.013712386794727749,0.0024038872248825266,0.011858485822456192,0.004818107273160026
-0.004730389465538078,0.5369922821695181,0.2511436034514088,0.15366948305126005,-0.010546635691230464,-0.024091708449472986,0.0034023337969195672,-0.011660442798430619,-3.973102843675114e-05,0.02210498232955974,0.00715035290083717
-0.010612284499471065,0.5606565935478842,0.3322350885510852,0.06199241920967801,0.002846416029712045,-0.01610218465925241,0.0057951929708419956,-0.004363944173246528,-0.004730389465538078,0.037795331661241396,0.007385962169328456
-0.010191515928995044,0.5247928376993711,0.4194525593882252,-0.0860103424159089,0.041548519812010146,-0.020788461253192732,0.005116973855694641,0.002133354463672941,-0.010612284499471065,0.05459053263527614,0.008505042000619264
-0.002383934108904679,-0.29647388010835457,0.0791125650274769,-0.2818766215309051,0.1786123364797205,0.03996356755232491,0.001435146851690187,-0.017414346145831767,-0.010191515928995044,0.02383373343999948,-0.0023554824521489306
0.00478284471749352,-0.751632701890044,-0.32861167249604306,-0.17449998767858332,0.23999211498405798,0.1810454921354055,-0.013749055447231063,-0.0814309254255646,-0.002383934108904679,0.0963829896596808,-0.0027814380421161316
-0.0007167318672163313,0.339852367818149,0.054754481560313276,0.21278862533205434,-0.03423051620775522,0.011421696942005127,-0.0021277594279423997,-0.020812835819408525,0.00478284471749352,0.02442000498993785,0.004420527115997557
0.010235987463375175,0.4328279217160374,0.1986399705430374,0.11574426204903857,-0.014840556186125597,-0.007912214303261778,0.002868423872439776,-0.009137588108225214,-0.0007167318672163313,0.030004502063097904,0.006399781348330344
-0.012981428890417035,0.3309570133241225,-0.06295019987244,0.3392363284951239,-0.1479359892973038,-0.012509031691257867,0.00446323586176793,0.0023380919508463748,0.010235987463375175,-0.024125000649457436,0.0012949089674659285
-0.005808510587663961,0.4143034675436867,0.4343382623161633,-0.22908018224259158,0.05501570300154074,-0.05196738119566059,0.0007252025646393511,0.016389519345273544,-0.012981428890417035,0.05589381613901095,0.009917135346771438
-0.0006218404619137629,0.3552936389693596,0.26040684365898265,-0.0019571609133791977,0.03267453270264833,-0.006587256816029727,0.006588283050315353,-0.005534293814257543,-0.005808510587663961,0.026608189677752418,0.004572256810342368
0.005155577455005358,-0.5074178718601796,-0.2125144963873669,-0.14775346178770868,0.056140716951459946,0.04387237476581353,-0.005004072957678925,-0.004896130316977298,-0.0006218404619137629,-0.010158066222962801,-0.007041367510242336
0.00259072425068916,-1.069453851617563,-0.60857906880866,-0.1339753918973832,0.09370289428660752,0.12788683924017108,-0.012624003558327447,-0.03497516269423011,0.005155577455005358,0.004805529992176132,-0.012230429427019693
-0.007383002923262216,0.40555486064784274,0.11761544504937703,0.19298537448448608,-0.022596061956086187,0.0071101586205885555,0.0005756043532082961,-0.020446942390011488,0.00259072425068916,0.033225774606379384,0.006129777613231458
-0.0023330885360813365,0.5374933428220736,0.3639900230371483,-0.027473346281233796,-0.01169702637220565,-0.04192293757937954,0.005715151853823991,0.014123661831706965,-0.007383002923262216,0.035110406646308795,0.008352157945610792
-0.008080110776092345,0.4050539383793964,0.2481330506958972,0.045547958177472925,0.031863538806833396,-0.02648421023053175,-0.0003541243284315545,-0.011330772009675662,-0.0023330885360813365,0.027225059019106223,0.006930358597217144
-0.00766059578797361,0.5359238833618536,0.37306227323548463,-0.05056348342530631,-0.03156414799018489,-0.05426044112155499,0.007625251359781991,0.024689639818478194,-0.008080110776092345,0.027934947948850205,0.007786378947507886
-0.013046468475251727,0.6810236005138314,0.44732821398418127,0.029460139211250052,0.006753910587805492,-0.041355827473603335,0.008871935049063513,0.004546241420743403,-0.00766059578797361,0.031996891479454344,0.008715741596469213
0.0017573099882761834,-0.2940169589077024,0.10071063226228544,-0.36077108415035364,0.11728287961150724,0.018420036393085235,0.0008593195261731346,0.012092212365158114,-0.013046468475251727,0.01908424263047922,-0.002942034227702876
0.006608248287099188,-0.6428989889073112,-0.2976783928826774,-0.09697647090865333,0.12200063744391179,0.07129350491816734,-0.005011365729099589,-0.032104961039909334,0.0017573099882761834,-0.016511449347562754,-0.009405111004096455
-0.004557863036107954,0.357515657803272,0.04041658666145323,0.2521054004317797,-0.09408940054236166,-0.031214432319713836,0.004361780197874567,0.0025617761760917557,0.006608248287099188,-0.022939605253350866,0.002451038080435011
0.0016252436524778432,0.4826524579193214,0.304805815053596,-0.009250943036794967,-0.024900990051228176,-0.044410892824591666,0.0014540783663583798,0.011835653708406021,-0.004557863036107954,0.03116353463408438,0.007808760427513421
-0.006760839282455216,0.5131661683010083,0.20167468134993374,0.18940146062255894,-0.0281263799050111,-0.008639668388529803,0.002672808395062788,-0.013183319670033796,0.0016252436524778432,0.022107481086421268,0.005749377005654323
-0.006479255055869307,0.5118443348033987,0.3242925067206389,-0.007498831096389616,-0.028659992175548626,-0.027216586178795934,0.005980848191418154,0.013445582346057116,-0.006760839282455216,0.03903005223493679,0.007537036636616454
-0.014317094608214566,0.5142088143839726,0.3468825644745164,0.00019089785930867187,0.00794208769911906,-0.03288696888733089,0.006067246971782396,0.004448025311408722,-0.006479255055869307,0.030186744862349752,0.007195288095557807
-7.861386797793449e-06,-0.3817291014536257,0.11213451725809974,-0.4446244896740228,0.15626136738393834,0.017221916301825044,-0.0013038091190094591,0.008004595767359237,-0.014317094608214566,0.02570245964350317,-0.002540339587513966
0.002221623179745194,-0.5509807286878514,-0.2337762847229356,-0.11894057155669058,0.14526697094193614,0.0939045012230776,-0.009899202837144083,-0.04290889167657441,-7.861386797793449e-06,0.021804646131377312,-0.006882971202633189
-0.0037968414594386777,0.4907773908491937,0.16860224775698845,0.23457465180612522,0.008210393540674897,0.03303338133482676,0.001887906893069584,-0.035748783259157334,0.002221623179745194,0.04303354301584753,0.005967713014648483
-0.00018256514685093667,0.6065304528029155,0.33606782598555024,0.08045932031818406,-0.01679909685018259,-0.026669344202234713,0.002559900942694073,-0.001130787152110125,-0.0037968414594386777,0.03705521213382645,0.00789972890637968
-0.0031702658532234223,0.5813374045276726,0.2722493951451078,0.15070046870973994,-0.03820587543629974,-0.04555175674256437,0.004339536923807321,-0.00029142523425683555,-0.00018256514685093667,0.011640305294265517,0.007205917757435661
-0.008811463858389509,0.6210969165193488,0.3510065717470398,0.08590064289239853,-0.03925001393030699,-0.053589524110367784,0.0064263627145657734,0.01069259021583556,-0.0031702658532234223,0.010481738469714643,0.007163261715860077
-0.01150605340353012,0.6119049045616702,0.4240763692273324,-0.026515533313820037,-0.011540966733566504,-0.03675453636908283,0.007131916781843944,0.013406151973538531,-0.008811463858389509,0.03609400441248531,0.007599930111564257
0.0002246451991002196,-0.31780386738379734,0.06499916275824902,-0.3280069641032978,0.11324300711265281,0.04194088598433049,0.0007948969474981294,0.0046275455028143364,-0.01150605340353012,0.022647795202734907,-0.004112176517585009
-0.005004313486628367,-0.7125863379044846,-0.28953832509841104,-0.1596056488427765,0.14532046154084002,0.06554927847694259,-0.0044358875262223135,-0.029533556138318547,0.0002246451991002196,-0.019131739770759187,-0.009434920377974842
0.00011920312993452908,0.4951499315449594,0.2888879927945564,0.027125265816294854,-0.04151790785363624,-0.03560190030322268,0.007039732036930698,0.015777987104349443,-0.005004313486628367,0.024812618675308068,0.006868140712947017
-0.00630549917983137,0.5633338926708862,0.2534606171089391,0.1691513110961563,-0.01472687380367174,-0.0075101115021529415,0.002398065288632769,-0.015435982972753488,0.00011920312993452908,0.03157120955514789,0.006732755063948313
-0.08678115386391608,0.6285650959551587,0.37551161111873327,0.04259513325683743,-0.03186612515586101,-0.04269407899120497,0.008352526186352117,0.013383506337821796,-0.00630549917983137,0.030142463159020555,0.008501612126877264
-0.007235898214259217,0.8539403338725566,0.11005507265300005,-0.32371837847271856,0.054362903286926376,-0.020870627414036783,0.029734467121576572,0.06094291194538875,-0.08678115386391608,-0.12295014664258891,-0.016807043378362054
-0.009840766313432716,0.6817798183255688,0.4576172103140216,0.0008767148587140651,-0.06274681526577447,-0.0995669028988345,0.012353646023338187,0.03933109431930834,-0.007235898214259217,-0.018570578437470488,0.005877448700305235
0.003680895041740861,-0.3584821831993601,0.052233372822790884,-0.3233326183738149,0.11707123369571765,0.007360379752591621,0.0010190430568860207,0.010153874513530345,-0.009840766313432716,-0.012208943943196052,-0.005852371409369556
0.0031347960480440423,-0.695881890577604,-0.3273806465839013,-0.093039339591694,0.10703436545300182,0.041280878568500566,-0.004863509793530497,-0.020988841730380615,0.003680895041740861,-0.05168184355500015,-0.011628598196324617
-0.001081871264950961,0.38917530547222423,0.11651990835436954,0.1878657389604421,-0.020468199358737327,-0.005388648436034336,0.0006512446767423376,-0.01735772356196517,0.0031347960480440423,0.020382361712824048,0.005453411669077137
-0.0009932774636482167,0.7114631180987505,0.30982236296739946,0.2130189831634228,-0.007937721505059546,0.026984903693931445,0.0015128904233767753,-0.030470601254339005,-0.001081871264950961,0.06962537690779737,0.008936533013317963
0.0012769265988903955,0.6732367729340283,0.3329593738167516,0.13642775048255243,-0.036270099780406496,-0.035151833892912904,-0.0008202829100372602,-0.004076433729010742,-0.0009932774636482167,0.032242062359978736,0.008159416562452265
-0.15494575092611654,0.6458274267596964,0.017052468038906983,0.02336753134821002,0.09582547065803527,0.049501586651394404,-0.007396436352439367,-0.012217748578214845,0.0012769265988903955,0.011607944814646554,0.0014805147375814818
0.042042063708117874,0.7250923465814355,-0.24017393254513128,0.5393546636144739,0.1946309774708887,0.27384939730182845,0.15066049247100727,0.11258449915791569,-0.15494575092611654,-0.03624934474867127,0.022423781714101157
-0.04745583539876409,-0.7379176192678039,0.5766558847646118,-0.05315389716379527,-0.07401752526717319,0.14065099348837598,-0.07765817875123993,-0.004495696865256285,0.042042063708117874,-0.025829383108182013,0.012994433727525177
0.03996863893309427,-1.0903488643786075,0.21937603803139927,0.19974555162440463,0.1754904572621396,-0.03594823740744715,-0.021046648010928783,-0.017899830372249403,-0.04745583539876409,-0.05508007530051675,0.012869155988191853
0.002303440556136539,0.5155286150301749,-0.2770259750337371,-0.021181484610420492,-0.008392977942592058,0.06554940498496102,-0.014583723541611969,-0.0920992889861232,0.03996863893309427,0.04466062141882031,0.033472575484568896
0.011546871607451846,0.7740374939205085,-0.2284880561286052,0.05995993481579417,0.009692075644178346,0.08510069677241956,-0.01855446908318876,-0.017810810879618753,0.002303440556136539,-0.03496807627623473,0.031244680387665646
-0.09329535510636953,0.7466877633639201,-0.06601222712973817,0.08286944145610275,-0.014596159636109584,-0.10342269961020038,-0.07858315151862127,0.02413543165696532,0.011546871607451846,-0.0650644214034225,0.05727454917373464
-0.03611438699574506,0.8473916222669272,0.009303336136622015,-0.17071753010293828,-0.005994940787872158,-0.005266007715353153,0.010502701681454573,0.01826046203926491,-0.09329535510636953,-0.12673091180892215,-0.008990696322463125
0.005239585498380071,0.6260315493986339,0.13307420709165885,-0.1324021199034669,-0.20572924273363624,0.10925182881736258,-0.0027896167854270294,-0.09065662426786106,-0.03611438699574506,-0.0302528490273768,0.0047209175631471615
-0.016080987782522486,-0.8214182056209002,0.5086580115084105,-0.08290135130191194,-0.04677142199299285,0.08890293354149063,-0.05894114683790956,-0.023538784006654996,0.005239585498380071,-0.039338530512999056,0.020648464581440987
-0.02029829219551536,-1.0944812104635127,0.3649164488997539,0.10201929284561362,0.21692661939910876,-0.09008729884770393,-0.05798610078412908,-0.06954340483983193,-0.016080987782522486,-0.024140153686879114,-0.006619798822006216
0.0021578093266611488,0.620712746518611,-0.2799929567547211,0.0685619723574756,0.007786501861589582,0.03486463403075828,-0.03765744052964397,-0.05449736924551076,-0.02029829219551536,-0.022129722269458845,0.018097095529757176
-0.010275160043574547,0.640874727985485,-0.14307823159776975,0.09044340383680186,0.13200143660044042,0.04686542816311527,-0.03831818015391882,0.034291169671960504,0.0021578093266611488,0.013904826243952827,-0.00035983323417356183
0.020941540294383432,0.7053254667866014,-0.19067317130412875,0.056095626760149106,-0.011462843188872593,0.07973214554616635,-0.02576138644639923,-0.03814171818939933,-0.010275160043574547,-0.009553555414867484,0.018190149516097848
-0.07647158860230675,0.7758207700712715,-0.05615888439797311,-0.06892474249368669,-0.002650161323177619,0.045147418700715994,-0.003763693626635789,-0.043359245071208745,0.020941540294383432,-0.011797709356241663,0.014129968151019686
0.03736175764120638,0.5675210961495333,0.1480436577753822,-0.07788771544015886,-0.028058353389063772,0.05154160880545179,0.016990737910843122,-0.0623531734032872,-0.07647158860230675,0.0228466557118653,-0.01182032785683894
0.04870288098967903,-1.0687821933757058,0.34658647827068867,-0.14745328782173975,-0.09229480445667684,-0.03750932346585829,-0.045977109999671716,0.04085903994619444,0.03736175764120638,-0.00863889751189134,0.0439241289253576
0.0034566113165891894,-1.1821531625092414,0.3018564883119124,0.07074047259061124,0.1566714941673239,-0.09189920718384101,0.06349749965790918,0.02971819692613411,0.04870288098967903,-0.045988346265534906,-0.004111550122620139
0.021606640903544465,0.25880498577553296,0.05148015320823801,0.147278208781015,-0.04847935819860679,-0.011691515628166895,0.0012021030120984147,-0.0033631748432726032,0.0034566113165891894,0.002571466282902765,0.0028405967893779436
0.043713956944089256,0.7050068473878158,-0.2589801506681535,0.056736907765602466,0.011854636662671478,0.059609921940932,0.04161200319527433,-0.001787940772198824,0.021606640903544465,-0.029381492136811238,0.007234330672172384
-0.021463364454745504,0.6667585044501088,-0.2193658505164347,0.08789779086621699,0.004938873174752469,0.07549532096082914,0.10472394662468575,-0.0033884513246930465,0.043713956944089256,-0.01003398406003157,-0.0031141976211696816
-0.031592104537683345,0.7095944452359427,-0.11949471745630785,-0.02450568493360668,-0.0065302845138470655,0.04485094440458033,0.03744149321130742,-0.006025037125769507,-0.021463364454745504,-0.018978769836729185,0.0017415896612027466
0.04911203637255865,0.6315766280000098,0.12135826655823458,-0.21197200956633727,-0.12131962636967059,0.056205578709631436,0.033290106973366665,-0.03077694106551078,-0.031592104537683345,-0.015987049343864725,0.0007693576132383703
-0.015207380872239324,-0.849659163194269,0.5125432160885968,-0.004989731109036677,-0.2652688175024298,-0.05210325376636549,0.03434778003380645,0.003399265754821106,0.04911203637255865,0.004784298644498413,-0.03870149366517193
-0.038437707638793346,-1.2864768036846368,0.3295929531003892,0.18892996478931706,0.04204976464179238,-0.033591037745919435,-0.022195027712041872,-0.07171180229955469,-0.015207380872239324,-0.06628211699024965,0.018042207929985503
0.0015077156805243432,0.6321681958002523,-0.20447374784921565,0.05588864304932636,0.17670549517862136,-0.042244059994949096,0.03947845124705722,0.07206672956558144,-0.038437707638793346,-0.040845477225341216,-0.0004131235510408978
0.00030601401463148994,0.4336855500582877,0.1667479729862708,0.15812364163075066,-0.043594627483502235,-0.025434160290323693,0.004056223782412515,-0.0027602818858304505,0.0015077156805243432,0.008058079870502605,0.005034283861607579
-0.0024076927659801824,0.44732859731782204,0.18710754155358988,0.12045453026461954,-0.07589631912029705,-0.04054926423740928,0.0040746232840858584,0.012907548561955308,0.00030601401463148994,0.0020441286047649,0.0047581713333779176
-0.0012954779216882094,0.5511284429603099,0.2889757154730408,0.07206761769105957,-0.07204376769221081,-0.05515349164299253,0.004175870372159811,0.018916742582129137,-0.0024076927659801824,0.010897860070249498,0.006658286854329991
0.0014665647375123904,0.26639101941456517,0.11922075507128986,0.042268120674385304,-0.07327845464805971,-0.025911876104111293,0.004447212061116701,0.01970581301886618,-0.0012954779216882094,0.0011128210571835543,0.002468132138153989
0.0023416097830542193,-0.7615789059972862,-0.34887080190803954,-0.1944269336031848,-0.00293907743995088,-0.00918285302942951,0.0002457705982544131,0.030498144249947592,0.0014665647375123904,-0.07837797695207957,-0.01183865726876074
0.0010105176119774154,-0.9870297899796641,-0.4647323083832344,-0.2532858445551299,0.022627425368570875,0.02141615427796833,-0.007252280466826078,0.021063809203899404,0.0023416097830542193,-0.06508210651146985,-0.013848394943976876
0.005051086872304721,-1.0857598258892451,-0.4865107437599441,-0.29651150052797653,0.13691391773493988,0.07099166232346157,-0.015392301496587732,-0.019367937049329046,0.0010105176119774154,-0.006933755118071328,-0.01005923518498373
0.0017321752045050664,0.4497252074107852,0.10674017129716781,0.24004446683114472,-0.10863839330383944,-0.04899238161366301,0.007098382519156967,0.010855217751311987,0.005051086872304721,-0.02343909372600008,0.003696872905916534
-0.006908803755977717,0.5253736025794941,0.20186911618307218,0.18164994116977368,-0.06782575728893549,-0.027457356711873684,0.0031313513946426095,0.0006293867218346374,0.0017321752045050664,0.010610452843244415,0.005458593841422084
-0.0688549123357358,0.4279421344021305,0.29845276820478767,-0.05704602799503756,-0.04713596829134614,-0.052401494681804474,0.005976814918567328,0.028446328940908917,-0.006908803755977717,0.019817560134871036,0.0065077212527151
0.01255931463515433,0.5984488361166143,0.10998617095238945,-0.10492319323117641,-0.08485465907687616,-0.033641043583884915,-0.016261493145041737,-0.006307908418111875,-0.0688549123357358,-0.0304559305482886,-0.017068304838547755
-0.021807725825958645,-0.7230930361427776,0.47942060346463555,-0.06579342123781044,-0.03606452390288361,0.06477594408765655,-0.02062829709398552,0.0062305757445631025,0.01255931463515433,-0.00798572478034273,0.04554313559051077
0.01724552928115621,-1.1281363469375074,0.3931498844692357,0.15181604948556104,0.14312443893914192,-0.007252005738325204,-0.03351467059058347,-0.03519345429856446,-0.021807725825958645,-0.021084406586762035,-0.0147868885294107
-0.05278921059813995,0.5400248938474906,-0.15095613551952172,0.03760779197222072,0.04800504566929085,-0.008611468828990594,-0.028427212978448056,-0.002138925136461414,0.01724552928115621,-0.0020592763017189273,-0.0024544178280865065
-0.05422132358681649,0.6614206553218187,-0.03333606641458565,-0.13330135525782424,0.013503827306126835,-0.001949957836829121,0.005804605726372476,0.08022143094090523,-0.05278921059813995,0.006850660085450825,-0.011819093352614737
0.03143180545167438,0.7681136226702497,0.016438639749756984,-0.04613868169453537,0.019448629664119206,-0.03789451546838204,-0.03491936774300904,-0.02051189052082905,-0.05422132358681649,-0.09593196664749917,-0.1015233780826749
-0.05838354335555027,0.5789346554567468,0.18564386844884237,-0.04410427761099968,0.10900157873312706,-0.030986583389277247,-0.056949805255364534,0.006715017495347024,0.03143180545167438,0.05354270166801759,-0.049318236774238536
0.09699299805266691,0.6064837136195661,0.1789060016699293,-0.07856279257530088,-0.07644106991146639,0.06226598027643434,-0.008053913763107155,-0.01235804711772729,-0.05838354335555027,0.0018726897991176532,-0.02615789459914409
-0.016646769823367737,-1.0557573593457081,0.4736449671664848,-0.06735392619744267,-0.143049393734189,0.07137739500863763,-0.04188537841166679,0.02186804372679042,0.09699299805266691,0.034647252433627436,-0.03771393362763235
-0.01870892686659192,-1.2875894966392556,0.2964262542625747,0.14835775673312912,0.14194118972979658,-0.0727977463146597,-0.01596153700283061,-0.03441848471141496,-0.016646769823367737,-0.040993600768665095,0.0009012424590705094
-0.01919148827295688,0.4876132617901488,-0.11256932300718571,0.006794021207542709,0.04999247665802378,0.0380603605876786,0.007948912575972935,0.0006051704797774074,-0.01870892686659192,-0.015702045997057407,0.015847174635510695
0.02022366582030107,0.6308309875452789,-0.229728717206447,0.06144870721887482,-0.06711663418813994,0.10976768165722169,0.05707334257273131,0.0967642427925833,-0.01919148827295688,-0.013195132912488795,-0.016823072355096058
-0.048457065377086446,0.7234000743861981,0.008244121356809849,-0.07300923897845397,-0.03532486762103668,-0.06799441137015799,0.003738827282594708,-0.055137453363509496,0.02022366582030107,-0.002940311275095209,-0.04273317746029457
-0.08661101370235505,0.7661207286952167,0.17926941476794847,-0.035805590913296916,0.011338076513510003,0.016249856861179697,-0.015617873900306662,-0.10275667026695713,-0.048457065377086446,0.006788832322335364,-0.025322858849338284
0.02272347479833807,0.6488092139955315,0.22373069726470932,-0.040234930607812656,-0.13801369682452394,0.10004376977181072,-0.02700884678582864,-0.055560948156023686,-0.08661101370235505,0.00603293522235019,-0.031678496223509066
0.017805299844951494,-0.4525061967322422,0.7370756260302327,-0.03489328082244822,-0.14774439004017795,0.13075087360976986,-0.09397798250204081,-0.0009166773894145817,0.02272347479833807,-0.026655347762881428,-0.01312889493011315
-0.028471575417449307,-0.9016361791924177,0.5974977900623925,0.1856385404175619,0.1165995952046209,0.0066107158660274855,-0.042215454224603655,-0.00945431032448328,0.017805299844951494,-0.050743333247571284,-0.018765367411221333
0.01008907310767032,0.6015695028428845,-0.11694961184476829,0.023317381820686146,0.018952073231349106,0.007258913807110637,-0.005540535032938729,-0.02439393684463018,-0.028471575417449307,-0.007536077681571203,-0.0003116113240632531
-0.16622829773684808,0.7041024998422803,-0.027228772588001413,-0.039246106063078344,0.08788200097223532,-0.026386295963534357,0.0047027839573480345,-0.023927931429554045,0.01008907310767032,-0.010588612213873413,-0.00042430032083586895
0.050310249030205006,0.7314651866798031,0.05848003213365948,-0.06331186847093613,0.017416284069490282,0.003194871467630599,-0.005122597117589365,0.004028410875276507,-0.16622829773684808,-0.00390593471117863,-0.008694640302181107
0.04657933147086574,0.7896949236872477,0.1420762697141609,-0.09280030013068404,-0.03462135643592422,-0.013637210568380397,-0.017598512167918696,-0.025121073978940093,0.050310249030205006,-0.08341507176019838,-0.06166044174913623
0.03177563439158153,0.4943438875591552,0.14620807161224686,-0.3272169310300285,-0.264696010450257,-0.05819615322281697,-0.019542870010089038,0.016233944757035886,0.04657933147086574,-0.02566743783218433,-0.03828799709246366
-0.012049651358228509,-0.9746825570693687,0.3009585821519343,-0.0596763600576558,-0.2086478322115659,0.007050561910103989,0.026962866736549476,0.09905209657173611,0.03177563439158153,-0.08585199947779182,-0.010240108088878156
-0.013103882188536987,-1.2606573256701699,0.19633156281161657,0.25076995010636444,0.08350307529647985,-0.0006490286254825993,-0.04106624703969706,0.07344597859063455,-0.012049651358228509,-0.06385690843715384,-0.0012150651240213242
-0.002938946347855478,0.25295563305207225,-0.35886525226307614,-0.015046891026109444,-0.07905181682296666,-0.034409749396590195,0.021659603694281413,-0.024959155607814157,-0.013103882188536987,-0.0005634860011146679,0.005489040284267625
0.0039526202614407965,0.34359638809829735,-0.22968338978544464,-0.0894696009075696,-0.07595897746576576,-0.020344245051319754,0.009347277856661272,0.058753455000229826,-0.002938946347855478,0.017292170042128647,-0.0059650557622974885
0.0679124589492779,0.2123322335686393,0.02348860064116176,0.13108616080471433,-0.06507198687305615,-0.024498041605765422,-0.00028968556516420713,0.004680671893383991,0.0039526202614407965,-0.007206903357124456,0.0022949823925467057
-0.08202984863356133,0.23650818300525525,-0.25433362202341736,-0.1660403015595956,-0.1045274748714477,-0.07805394054309601,-0.06864174788815684,0.02253714902069197,0.0679124589492779,0.00653531265892021,0.008932695711161143
-0.006756735367717972,0.028223927596648754,-0.04537739437686994,0.013592084643375791,-0.2746058533664885,0.08557398769676634,0.07802648257434978,-0.05675304665221069,-0.08202984863356133,0.03138878409252619,-0.047558330615353715
-0.020625540196042343,-1.4073497230718108,-0.04666237675341022,0.01671206768543265,-0.2999866136935467,0.027355122240811013,-0.07126048419977253,0.049485492408944405,-0.006756735367717972,0.01394742511168189,0.003168964244702084
-0.010099909529907108,-1.637537554633537,-0.15128534595514315,-0.014368089162797285,-0.22978520315608286,-0.10085506180658006,0.020225519269264473,0.026239896095858844,-0.020625540196042343,0.01907998496085421,0.02930361076950816
-0.055421666169347454,-1.8745051462833964,-0.256473228761153,-0.2275301212447117,-0.16439344452808796,-0.21156481641021768,0.08073092492364593,0.013292768095295556,-0.010099909529907108,0.06979279009220521,-0.023457675413749334
-0.043592772608066904,-0.09452181747406206,-0.3882162769485255,-0.03889221308391509,-0.08600684284308127,0.004292346907040198,0.16374295521346893,0.16403784066974422,-0.055421666169347454,-0.04344038459164735,-0.03301975737061545
-0.0059745159509858895,0.18185227016974145,-0.2463355936265563,-0.29203901455543774,-0.17412044537446786,-0.07454582305850276,0.029763312147765363,0.0753082303279034,-0.043592772608066904,0.00987208223902291,-0.013825411200838375
-0.009261973510651333,0.29900370187347947,-0.23978206454722173,0.012239054264952344,0.019550960248650974,-0.03126638471326834,0.0017049781442509018,0.03238421104112566,-0.0059745159509858895,-0.012678018332747778,0.0006532374187687491
-0.17050694754811752,0.13345222796945888,-0.12851308068409062,-0.031895864453280076,-0.14796589064332744,0.0512831015566945,0.015199327347367118,0.026930924171781723,-0.009261973510651333,0.03704865234354773,-0.026318030870847813
-0.03135508527838733,-1.2580651570995043,-0.45414643992369647,0.7240295562422399,0.11103498859404567,0.06699543051419955,-0.025679615513121378,0.1914258451294944,-0.17050694754811752,-0.0411296833895108,-0.00074111870632149
-0.035421611904495706,-1.2141288068963771,-0.04917070565297855,0.14145059761853396,-0.0656887570124787,-0.10977726932084951,-0.10438397470160424,0.009319351131493273,-0.03135508527838733,-0.01894416355017625,0.001087481843823984
0.003900212908187497,0.18094994083250945,-0.41982864029324135,0.05803903566671159,-0.000695904739557571,-0.06431326094047853,0.0347747794772247,0.008100302280905016,-0.035421611904495706,0.006903899852494086,-0.0057753979872801516
0.003285926955002181,0.17558459604068533,-0.01522903616374198,0.12514481488465945,-0.08561755477345805,-0.00948261005300045,-0.0002624651473501396,0.007120680383305276,0.003900212908187497,0.0029932628757539034,0.002165517396648946
0.007229865551482929,0.19970663953189413,0.007881006222417252,0.11837932217238833,-0.08698366781541567,-0.014642634418755645,0.0006206133698242476,0.009512319324694598,0.003285926955002181,0.0011792504212473115,0.0023178514794933275
-0.01603838546617039,0.40826997294609024,-0.20630186320681573,-0.06233781978422058,-0.05801639270249215,-0.023880973230681432,0.011718264773402183,-0.06477565204392984,0.007229865551482929,-0.004166206679709778,0.0047248787152138205
0.04142912455238665,0.23940783933965795,-0.011938188069401964,-0.1054324570952884,-0.22440413651316307,0.05792714430468921,0.0010527802411376133,-0.0517239499569672,-0.01603838546617039,0.03581338143645393,-0.02855249241334915
-0.03803219113993427,-1.0960209241823857,0.23881911574350403,-0.06034194843935281,-0.0876468254338249,-0.010549869946005805,-0.0465587766166346,-0.005466916270431195,0.04142912455238665,-0.016621086027762848,-0.014663581864568948
-0.005451694226460567,-1.459681561596329,0.1715014727860181,0.06041717793796746,0.02067512715872294,-0.08342939074948154,-0.032409930147274245,-0.1085516266825988,-0.03803219113993427,0.025394327228919857,-3.0397965661200373e-05
0.017914651480795747,0.12988561061814477,-0.371381944457848,-0.020108115866801463,-0.08175556721718326,-0.08596521965561425,0.024756132397604973,-0.015677893807659316,-0.005451694226460567,-0.0015900659184211361,-0.01861630793312468
-0.016064393442844625,0.23267107790035393,-0.4169447471505222,-0.06059977224266857,-0.06755551395650664,-0.11156243744468641,-0.03642352058796814,0.012862950439634223,0.017914651480795747,0.013549449792212344,-0.014630875256201745
0.004381811828134703,0.3413305300885747,-0.27802402735085496,0.005646584383594923,-0.06189336890398699,-0.03642394121339966,-0.008407435576468262,-0.01857614714640662,-0.016064393442844625,0.01927957754185907,-0.011423524761890375
-0.12872561173126532,0.35150081517464354,-0.26377354197719394,-0.02642970212269297,-0.055359867511553994,-0.03807104946407813,0.016740046365389307,-0.005571218667188671,0.004381811828134703,0.016870725049421643,-0.007851524431992073
-0.06102635913212532,0.023514937830168302,-0.5333410598440408,0.39117464839215194,0.04077449519055607,-0.08034225756296673,-0.06051532447458249,-0.05360566507560964,-0.12872561173126532,0.016279865645931584,-0.01459305023557992
-0.24032613346057896,-2.613800257063767,-2.2244103774251798,0.10379425415526596,-0.7797798166791771,-0.10530289244687698,-0.07652220449757693,-0.05124081634426566,-0.06102635913212532,0.08570682293578166,0.0982551703933238
0.033704097622488695,-2.5046856495886325,-1.3930996620530658,-0.5588103534471681,-0.549343394820254,-0.48018779784001164,-0.42327008871311755,-0.08952807696906682,-0.24032613346057896,0.18662310188193632,0.07962251803309013
0.045689042331382,0.15145346383453534,-0.3278216061807254,0.017000346048621863,-0.13123057597106305,-0.025195907848101586,0.00823091640125897,-0.009611240883888891,0.033704097622488695,-0.13460444845474862,-0.12038159305974562
-0.00633589773659795,0.3192176296329129,-0.34418267749198606,-0.04804585027118432,-0.010417809766745691,-0.07799907449532534,-0.023020110223709443,0.013629577987354058,0.045689042331382,0.01146437124574806,-0.00543723086815174
-0.0065170782133714845,0.3284334289635184,-0.37653462428436596,0.06314358000035603,-0.09338696179922124,-0.1014518706597994,-0.07737585604308915,0.04840251821874971,-0.00633589773659795,0.04791955267356583,-0.03823751698452871
0.09644258899734716,0.3439515639861856,-0.23387613453796083,-0.049317526464309765,0.008017282315219646,-0.04721926085003733,0.027801211758831313,-0.008168008494934561,-0.0065170782133714845,0.007817997846825107,-0.003992188978754171
-0.05126113339202994,-0.03953406221615536,-0.38106543481326477,-0.34436052220826385,-0.16117764357229988,-0.15598087772288796,-0.13808047026871778,0.34030544872336443,0.09644258899734716,0.044434624503610805,-0.04043856068065917
-0.049030478858809574,-1.4153847563834383,-0.31531046504979543,-0.3779027840367485,0.10070010107084254,-0.2601138786331077,0.19115861491922082,-0.025142193523789866,-0.05126113339202994,-0.0025365308117155667,0.101913101543823
-0.007386951079507119,-1.5838048807521117,-0.2445739702425129,-0.3574296290772206,0.15491112787034364,-0.2725341388723664,0.22598826806403052,-0.019337082635854885,-0.049030478858809574,0.028183780763081263,0.09408634266700541
0.017565190403980826,0.2174069221449184,-0.31929958375322826,0.02192309382685567,-0.049967419669382306,-0.04076352191246025,0.04436416549864835,0.00900743904637882,-0.007386951079507119,-0.006346266518769056,-0.010376345802769705
0.017949172462049228,0.42780169168413934,-0.25393024939529113,-0.03314315402500751,-0.06286935999433903,-0.06469864125213848,0.03970261650412915,0.014473339869045915,0.017565190403980826,-0.021011253243263327,0.010344828867845395
0.056576997064874957,0.3332452560528626,-0.3460576108965615,0.009567180726816716,0.03153111246316758,-0.10953373386791183,-0.05900598106380711,0.10556974667854002,0.017949172462049228,-0.019169291424197366,0.044948381575182446
-0.05133660231251585,0.27301442069325865,-0.027443880896864944,-0.03772972983783071,-0.049461727474105315,-0.044741452645386995,0.09888691983561713,-0.04011453526837143,0.056576997064874957,0.005636347214782949,-0.009427672013955292
0.07389163427534304,0.27259731288468475,0.058713816111687904,-0.153211875161807,-0.22930077521438982,0.004901841261155766,0.06200157329120471,0.05689575078813911,-0.05133660231251585,-0.016689078926405823,-0.02046038297087281
-0.07029313750630187,-0.7286287826002678,0.4792500697786928,-0.007664961048425492,-0.18571709769384748,0.033831915954465976,-0.07779834963638195,0.055905184416531875,0.07389163427534304,-0.061308299219481575,-0.023791895878249376
-0.04403913778095455,-1.12373363255016,0.47417689242322175,0.05852025840049172,0.09324502321119356,-0.09455848708135109,0.018559580063092274,-0.023897778997850658,-0.07029313750630187,-0.041343454329411944,-0.02917213379047331
-0.04579875125893705,0.2557223589583849,-0.300598818054724,0.10777086360012625,-0.04048606676540033,-0.051202031155356285,0.03142848042726396,0.005391223583210707,-0.04403913778095455,-0.04142293051601342,-0.000481899199732599
-0.08453104699583938,0.25893884439867787,-0.20833701425740417,-0.1902409328001548,-0.16640655963492448,-0.0887543345098747,0.07326378942690327,0.14715273667886206,-0.04579875125893705,0.015310708739097142,-0.021324452944027975
0.0764036455544908,0.33304487125795473,-0.3733071512614412,0.028204314779640055,0.00845253115339142,-0.13624016147322934,-0.11589418359477784,0.09304330076078166,-0.08453104699583938,-0.022421159681245296,0.00368693125614921
0.003775740770691991,0.3727214648589035,-0.061100293016929104,-0.09136321692115466,-0.07745852401500386,-0.025008307781851986,0.014778307479475198,-0.00703632638954716,0.0764036455544908,-0.023009410637184258,0.008571434159967277
0.04406779356241873,0.3022331996705626,-0.22974342762694933,-0.047979135435850986,-0.18691629202823484,-0.01973044253282393,0.08596690827555442,0.027361864071004535,0.003775740770691991,-0.029993338564487024,-0.010618131009335896
-0.008089105819069253,-1.36985153287489,0.3898089601225277,-0.17423904285740685,-0.04894911624781871,-0.11668273315285832,-0.04144797172079376,0.009401647597880338,0.04406779356241873,-0.04045243274139551,-0.020224152585954027
-0.02580176628974062,-1.4496345203168588,0.2002779076560446,0.06801957041593064,0.08307566039169335,-0.13596226777579778,-0.011666883748974774,-0.043204127286178985,-0.008089105819069253,-0.05606486112987649,-0.009603214293638982
0.024008175801727975,0.24869516738593547,-0.3119639180651772,0.10499533017499241,-0.015175001832032993,0.012578734969771284,0.028684501738807048,-0.022409602765233315,-0.02580176628974062,0.009257643492944676,-0.005547165419944962
-0.003527240066164557,0.3167242451770851,-0.31623702147889027,0.12181704272272618,-0.11722440690324089,0.07622842740846286,0.03251097693350383,0.0013615591979105259,0.024008175801727975,0.013230105230442272,-0.025462583267816943
0.02978392595954392,0.37890407256949543,-0.23016700792182612,0.05705083459206056,-0.0439092440522827,-0.016889999548326592,0.014485705380279905,-0.030407765694605248,-0.003527240066164557,-0.022756442219158558,0.0021168227911935065
-0.017404086295923556,0.3498980941402659,-0.2099445859260445,0.04061361308857138,0.00913388953396141,-0.015767577534039894,-0.06758471100600708,0.06129053579577803,0.02978392595954392,0.031727422047022946,-0.017092115696133968
0.04286516674459354,0.30002715349319836,0.04741637680815819,0.0028355843682485557,-0.07357541477717526,0.04732642107722095,0.10661004104271592,-0.00438799834923254,-0.017404086295923556,-0.03890076645597067,0.015905146756989723
0.006657530760200307,-1.1513270509092342,0.19340356091686803,-0.07451385068147111,0.001816127806885573,-0.012072299101579649,0.10625687177971485,0.048525907436945584,0.04286516674459354,0.0057865983375515115,0.023406366524013865
0.006903926049668697,-1.3656855093296332,0.14730892056495543,0.09599165206435517,0.0988706878717213,-0.15334351025656578,-0.013456761791503324,-0.01840274083684418,0.006657530760200307,-0.03595666893935798,0.00503797831855154
-0.004868481826114991,0.3312919027675797,-0.30597800650082185,0.017710612904410592,-0.08246252956402622,-0.06188224146067135,0.052505087840101355,-0.050604831231016376,0.006903926049668697,-0.025076436999549364,0.01888479850368
0.0023596412809351684,0.36042283246665435,-0.19652367428386966,0.0972111877618414,0.12482823136966402,-0.03321299783091283,0.022346727068001854,-0.0021813935866350025,-0.004868481826114991,-0.006455521701614729,0.015543971273101314
0.04917204040790596,0.2872792670001104,0.07960432372538784,0.13010765843410932,-0.03995233382139027,-0.008178178919282497,0.0003945042082767379,-0.005010190487002647,0.0023596412809351684,0.013885663827762235,0.003948913551908055
-0.028222074839157157,0.5438900871215208,-0.09272685554126113,0.0533472240011869,-0.10360339212580767,0.06702119278012117,-0.07573327151110691,-0.0251609066826842,0.04917204040790596,0.018540949081026097,-0.01861907428529627
0.09366192551225118,0.3719381272558225,0.04303937128971575,0.05312563714462758,-0.11577329074783248,0.1357862155609264,-0.020167663493793345,-0.011266353135874796,-0.028222074839157157,0.02257050422596365,-0.017969132142301125
0.07654056004645302,-1.068743416533284,0.15717452308650495,0.10433232386125761,-0.10843684033345977,0.12711930746373196,-0.025063370054674284,0.06666555249872788,0.09366192551225118,-0.016178593918574957,0.012889880130667926
0.037538209214964695,-1.2411619409883208,0.14209554275240238,0.23968386366036257,-0.03947773745760871,0.05927423508306019,-0.07973560500143034,-0.015887334944625117,0.07654056004645302,-0.030521557624440126,0.0021042098698950346
0.06986560778453638,0.17114054650137006,-0.40567284901164424,0.044252696051768604,-0.008101856574398087,-0.07775315970652988,-0.003431602840598378,0.06446406240937345,0.037538209214964695,0.03105384872153784,-0.0359520591768004
0.11519502313123867,0.4660834485120764,-0.16197013406037877,0.11945345551094559,0.0033245066371443656,0.08984301707828357,-0.026708422733942905,0.03606836264594045,0.06986560778453638,0.03608002031316692,-0.01860821599169818
-0.002658597984114462,0.2779659141053713,-0.5521761077786428,0.1551267052777644,-0.06282130523135981,-0.014879881681229442,-0.02655124565171508,-0.08027403119549477,0.11519502313123867,-0.009570242011024604,0.010098812369268765
-0.06582304165391262,0.34668918714073144,0.15015584502246201,0.08725662991665363,0.04366348175711874,0.06419812417995158,-0.001953301412056546,-0.03854908181284215,-0.002658597984114462,0.09435293206934034,0.00870743270511389
0.08020405070360839,0.2742508913951612,0.002204232777776534,-0.008556736263624245,-0.21263828159459155,0.126222202206508,0.01899048158513881,-0.05659624396371473,-0.06582304165391262,0.023400441702046422,-0.017802839173654134
0.050830891527058525,-1.0490060820392793,0.08190772803943022,0.09668724154272362,-0.24007285479185034,0.16583886757191102,-0.044554912133936794,0.0038318278352247794,0.08020405070360839,-0.033836998165580515,0.05065521198441829
-0.05204296780551559,-1.1119345324987808,-0.0024041852590913526,0.1258238334051583,-0.2166874129121181,0.13302445120546863,-0.11034421719410718,-0.017799783803092047,0.050830891527058525,-0.021626239649677092,0.00818753402358707
0.0402416036471367,-1.4815362945599797,-0.1440929976620479,0.22662467201962697,0.01536050809347121,0.02148760354616976,0.061229185004825326,-0.05879480061402164,-0.05204296780551559,0.06455282564209901,-0.017670377760976692
0.07140784495598633,0.17721894896205842,-0.3902258655759665,0.14772024714657842,-0.013411476861263595,0.07164257565042399,0.01769173782763121,0.025233085506845148,0.0402416036471367,0.02911766978060157,0.012566553045753368
-0.06461378671404046,0.3441044917102276,-0.494699453887044,0.24080454930889825,-0.03513783986047812,0.04794628893827562,0.010140209746829191,-0.09585183197393861,0.07140784495598633,0.018668220441837205,0.0050633158498324515
-0.03155354968666117,0.4067014208233953,-0.22209066541934697,-0.17211262396238858,-0.02933445087701132,0.08541909428121756,-0.005107075479397478,0.09074996706292154,-0.06461378671404046,0.11677910747096311,-0.008916492376154574
0.05241677375425622,0.457049187655145,-0.06408053258486775,-0.13298346069528974,-0.026767505892439696,-0.0187546199060005,-0.020658912581628906,0.019179400004516615,-0.03155354968666117,-0.0007876742265390698,-0.011941147093701249
0.004000888312459362,-0.6215927981771675,0.38840280787041026,-0.02259780677203575,-0.196737103943676,0.09804190703822077,-0.1275082800527451,0.05631450692117517,0.05241677375425622,-0.02607905003220796,0.02194466920011947
-0.0033878740808500536,-1.0871806378314253,0.24345352750520266,0.2851089085261905,0.10067670759108466,-0.08436310611167867,-0.13127463657195962,0.03870350108247297,0.004000888312459362,-0.08119740766460304,-0.02423401228862419
0.02466022356525995,0.3430125646923261,-0.437520115606708,0.11378529685320861,-0.024470686910803067,0.01951316154496573,0.03616043784464532,0.008424878513047823,-0.0033878740808500536,0.0084147489263893,0.0001324262946890594
-0.005595597513270976,0.500757635045379,-0.24816749198657215,0.0600363452785452,0.051427505963550335,0.012402237796605995,-0.037957986836984814,0.023768840686132314,0.02466022356525995,0.02075733905464832,0.0004398355323403287
-0.0022096087468873797,0.5058982616864752,-0.2635117322875572,0.05813214863225281,-0.009082258998666147,0.021964405506754176,-0.0739772141854959,-0.01669446387900275,-0.005595597513270976,0.008252243895472232,0.006566959079055216
0.05080933631677203,0.41830748433075443,-0.2288717110593653,0.035279426107792826,-0.12113820831490167,0.11117822338668411,0.02338498990004268,-0.041594220811947184,-0.0022096087468873797,-0.003329620330090261,0.02617504584754714
-0.022122159870555092,0.40137700482484806,-0.22936666527271302,0.030795074462383852,-0.1695889110076973,0.10379055595683688,0.05595844211487874,-0.09096335534197336,0.05080933631677203,-0.013108643621483704,0.0031605538166689737
0.0010535918720971547,-0.8248748328597459,0.37429981401334766,-0.10247462174845554,-0.12652770586715664,0.14154698665624516,-0.11176288255728586,0.10341383091943868,-0.022122159870555092,0.011898922950373236,0.021273860251072
0.0067031678024207075,-0.6660637365025693,-0.290326521566099,-0.128191404246781,0.12112141233369884,0.053159169614686766,-0.003337973466446554,-0.022158192197066936,0.0010535918720971547,-0.02919887880030512,-0.009642305615633373
0.007989088482500085,0.3491393782688523,-0.42765639981434755,0.09291476884400535,-0.03783962205741675,-0.058718100429240014,-0.07140363216878726,0.05639164746060802,0.0067031678024207075,-0.012785298883486255,-0.0194008216832711
0.007430253850851736,0.26494731872214355,-0.012835840231988171,0.21627967396762046,-0.10995353235997174,-0.0480247613220019,-0.0009671365110784651,0.010733436492637602,0.007989088482500085,-0.0289285823124806,0.0022972690119943684
-0.001392455795597668,0.2810607168464777,-0.014424724254903255,0.24571916240462088,-0.059588550153784454,0.006599760999979612,-0.0028418844615895173,-0.017110105646530132,0.007430253850851736,0.01056468883933591,0.003319490546245009
-0.016177749038441654,0.4409999709639313,-0.28957868757377514,0.15627156085088012,0.15038531256030477,-0.00014639997270706202,-0.007233880992263956,0.05344111046792365,-0.001392455795597668,0.040545158406554656,-0.008365398612678862
-0.0013517980186759596,0.2908024166510854,-0.21023996198654513,-0.07516095661148885,-0.09133965979091926,0.003392361652091734,0.007732618833173962,0.0029515412056376803,-0.016177749038441654,0.013385322688326156,-0.005831938867929926
0.000524675148589495,-0.7684141783038243,0.29068882534950874,-0.059278690721779236,-0.10450298382163437,0.0863799425525619,-0.11799133043650453,0.0793686668269839,-0.0013517980186759596,0.014994348100039627,0.03752260826564913
-0.020402032989950053,-0.7565064439004626,-0.31863439151868633,-0.16866150100727162,0.14644476477623466,0.07265792718369322,-0.007123959619131847,-0.030254667832265852,0.000524675148589495,-0.014633968535110281,-0.009795130185749693
0.004398461531818208,0.3749336963788745,-0.47324416812753245,0.10399018593672847,-0.020675033381308404,-0.03606091267750459,-0.018367225965032877,0.04789694169443291,-0.020402032989950053,-0.02178834328349003,0.04758084141784448
0.028077089413735656,0.06001009675004344,-0.0635506992044169,0.0887226208857785,-0.06122157392711731,-0.007066169207723254,-0.0031393071398895167,0.0028431976946487088,0.004398461531818208,0.005375681053622557,0.002051924488260589
0.032000394681636665,0.47513416546160175,-0.3711280268224712,0.10634433130480363,0.08121649844339726,-0.02564512450483951,-0.06495613193730378,0.016710306297701757,0.028077089413735656,0.01518298964198618,0.0036161793834853643
0.01387378697890441,0.48742870873717836,-0.3085257818226601,-0.043945114043363084,-0.04418517861199715,-0.02368780756160006,-0.06627737972045453,0.012592198573361468,0.032000394681636665,0.018502274998817396,0.015073776227464626
-0.0023450402522391233,0.3783236345044096,-0.10242993263984977,-0.19438209194095332,-0.15572940869913654,-0.03535549352923331,-0.051059664516076575,-0.09287581027831875,0.01387378697890441,0.008002268696253884,0.0019638175008288026
-0.05879141175439261,-0.869575726829699,0.2164162223516765,-0.031058751025782712,-0.2118502140614594,0.10067273363834935,-0.07723536747736312,0.016484030446244722,-0.0023450402522391233,0.0020531288536739002,0.031854486245172065
-0.012596196008408776,-1.3087424527587836,0.155670018023139,0.1534486997924935,0.15960565604561228,-0.14146048387493418,-0.1925477496575099,-0.01707976715781765,-0.05879141175439261,-0.006292458995982838,-0.03959858905116993
-0.024016165743982427,0.3076707667104298,-0.3951878677789107,0.11310987813668488,0.12718203725521715,-0.04736834875648445,0.007318016068915124,0.12324147362948609,-0.012596196008408776,0.013560296948058282,-0.007951481441521972
-0.05513711969747906,0.48067173265550506,-0.35316626712402654,0.14269534332614656,0.021114029806328618,-0.07588173980477388,0.06358893918476156,0.06971743011034619,-0.024016165743982427,-0.049397045255011485,0.02216556381785463
0.0034942997645993888,0.43275109758992303,-0.24930094856831145,-0.05376661518985188,-0.0485429024470053,0.05328259796315037,-0.019705508964221272,0.08569986561834166,-0.05513711969747906,0.010685115710315033,0.016819023586699584
-0.002855458594167693,0.40449057765342517,-0.30320113263270354,0.0115021753401676,-0.05831378906960119,-0.015638024485162393,-0.06480899773226545,-0.04720818982163913,0.0034942997645993888,-0.011368475204334556,0.0032824133256928404
-0.014268218076704671,0.23480922746792424,0.14394374994493844,-0.021270077562111175,-0.02539899005550353,-0.026554198024401048,-0.00021097298677388968,0.011395184941423981,-0.002855458594167693,0.02199754234601396,0.00501493478621431
0.00665442725064616,-0.34895490113884897,0.1038702280272843,-0.4363626174507885,0.1268515615311088,0.034389750724019515,-0.0036977372802622635,0.010767291118060877,-0.014268218076704671,0.04335092319673258,-0.0019753918437862435
0.006551785377206421,-0.6162331006950047,-0.37720267676751745,0.019095303617801093,0.05762298285413954,0.07848465637184147,-0.005619336042847454,-0.02848806237747241,0.00665442725064616,-0.0342817391796441,-0.011644830407405707
-0.047871616395984744,0.08937635823188746,-0.10136294579568417,0.17537258393393546,-0.06475133204946289,0.006825434006577162,-0.002832260660112422,-0.006954614369065476,0.006551785377206421,0.0027619388576706864,0.0015137735109092103
-0.0034432036372442076,0.43147812553556497,-0.4125560641603964,0.11425383954053654,-0.005951863741828937,-0.07400348979194038,-0.06863172850489607,0.021749266548113315,-0.047871616395984744,-0.12746053640397428,-0.012797857057836494
-0.03627785650608612,0.32034298137962464,-0.3678618347642996,0.07811670929841881,0.04889404043253824,-0.01869378604029192,-0.09566692738166022,0.03277346186605674,-0.0034432036372442076,0.04000776287849896,0.0012763297226617795
0.001802370293454748,0.3951736465483096,-0.14953616762572638,-0.068610606393265,0.05355976794271096,-0.03548728853709336,-0.019448033139214404,0.07034167833614458,-0.03627785650608612,0.047805668141558004,-0.015738089396422544
-0.006797832234410785,0.23973380303535147,0.131911432956891,0.05221765937344236,-0.10556930728627922,-0.11403451118219239,0.008552220085822704,0.049503475277961076,0.001802370293454748,-0.09544661827540234,-0.0038997020608080063
0.0037802569028088013,-0.6840681396603683,-0.16886205618482045,-0.386172803307254,0.08616278230835636,0.025490320225909066,-0.008127809722775563,0.015154635208954489,-0.006797832234410785,0.00018287938022082338,-0.0065701368960216795
-0.04521860858045363,-0.9208251177550023,-0.44674884101348766,-0.13882698255518505,0.14788318470980272,0.07400699988387172,-0.00802186320209068,-0.034695733575069325,0.0037802569028088013,-0.03173207293928761,-0.011661869769764186
0.11820586196154004,0.3163389148659672,-0.3785453314008994,-0.06259641804986348,-0.06927560686195157,0.044841714625605725,0.05398454958440455,0.1168045755486615,-0.04521860858045363,-0.0026295593516962603,0.020778988485517142
0.00932078715686401,0.34538911420909907,-0.19444662212411046,-0.1273468410405062,-0.0778580334763364,-0.12665763488987586,0.012852294052605956,-0.013798480010561208,0.11820586196154004,0.0399997243364997,-0.03971928554200362
0.011642135710089384,0.30660750885536436,-0.015746790885507452,0.26356842729858293,-0.13958184905780535,-0.06756400670013396,0.002945388399184888,0.018579221395742848,0.00932078715686401,-0.05082007184222634,0.0018960414028420325
-0.007327346445017949,0.256452033885143,-0.07359012805791618,0.3026978897680272,-0.17134055582522079,-0.08500066694491189,0.00650898168129437,0.028418057895364182,0.011642135710089384,-0.08108442357543207,0.00017330841976780282
0.002845676731223486,0.18198992483611837,0.20812497563981275,-0.1642298466118412,-0.02666628400195159,-0.0574778361702045,0.0014482411959610801,0.03452830278147559,-0.007327346445017949,0.013301556966550053,0.005033064741355813
0.03095490822427306,-0.6298051642465766,-0.29071450094937573,-0.12498927697842156,0.08068312443584488,0.03438609085873812,-0.008251687302869574,-0.012675976307197993,0.002845676731223486,-0.03247238819821825,-0.008783854002591488
-0.030566278638281583,-1.2152948124433554,0.08965354677449064,0.08856440990585614,0.12802635603836046,-0.1630291284567123,-0.09911057347023675,0.021530913936629103,0.03095490822427306,-0.010505938336336904,0.0317052434287807
-0.01446280149014746,0.26938806895881795,-0.4527241532472955,0.10698710311329691,0.05850867912557281,-0.07826650585871325,-0.010134250244470452,0.07039144204510153,-0.030566278638281583,0.013001817226830555,-0.006698699540017631
-0.10333632895979261,0.3582100545479278,-0.42473992752349776,0.09074133650215542,0.006206410210057233,-0.00020972412274045796,-0.06169599002199402,0.02673249318245077,-0.01446280149014746,0.010509571692365967,0.005901848289342698
-0.08291291373061323,0.22009381607893488,-0.30588249977952653,0.026016776990049555,0.05941652013938145,-0.016490740385355848,-0.029531458703273884,0.190813818696285,-0.10333632895979261,0.06575669662548389,-0.024117780090433215
-0.06763364341638144,0.45364742938415226,-0.2148404608628572,-0.07330810771500397,0.04303610019582987,-0.013480061111168394,-0.07044492023217787,0.09843039391793511,-0.08291291373061323,0.006759275160971774,0.015329579834843942
0.16744808798013944,0.39939791080687376,-0.07440311457356738,-0.1738855744535111,0.004011940742013624,-0.05234654261107499,-0.04799558959645746,0.04696432967478833,-0.06763364341638144,-8.632061224610959e-05,0.01291227284418767
-0.04158877044427084,-1.0114187398552081,0.2139865853127499,-0.19845451859330954,-0.3544440058945119,0.03796301643682964,-0.14169758302719598,0.017894481371456602,0.16744808798013944,0.03288367824841463,0.02054421188808777
0.1022193698778697,-1.5155827994091946,-0.06346562784404855,0.1803671195288272,0.13868532119673135,-0.07655521218271352,0.035467830051399356,0.005863659712878768,-0.04158877044427084,0.02622136196507927,-0.0044343043021105675
0.11185538636802177,0.30125280108650154,-0.470527132338654,0.10555183126132395,-0.014313129614724848,0.07098087418230413,0.13677275580965215,0.05507759742299376,0.1022193698778697,-0.010873825398018148,0.015654335244774005
0.03986236325183636,0.41085254621829387,-0.19729759010060666,-0.1683555748248676,-0.0370185947745309,-0.03905769830082681,-0.002618085523591217,0.0034874500904791303,0.11185538636802177,-0.0014044041885251071,0.010197262557007765
-0.0012928509702552703,0.3825683791172999,-0.30698525442007724,0.08670399448240713,0.10554226079623148,-0.02323519818228346,-0.06497137066588392,0.09097206878915423,0.03986236325183636,0.022246238284292653,-0.005201112301350484
-0.014259731233537434,0.5954455185692799,-0.18583586667459237,0.04030021197253409,0.056862044162026434,-0.05155542249264899,-0.0650269268013427,0.03549307356348509,-0.0012928509702552703,-0.07073992100166025,0.002044156857261297
-0.060791566694694356,0.3870397571671408,-0.12869141638630252,-0.10893641828980082,0.012599677825877856,0.00020818772693521298,-0.02766422450203512,0.060860193966427126,-0.014259731233537434,-0.0029216226574944344,0.02216881150855885
0.1097318115281305,-1.06390455708857,0.26350754152838257,0.04640480601856765,0.005537998085415826,0.07754283760629024,-0.04707855058827372,0.028312849598771717,-0.060791566694694356,0.018261818409520066,0.01235168616987031
0.00472943305468956,-1.4041630044314215,-0.14418985300135667,0.2708311462476343,-0.013812973584949482,0.1272177209707042,-0.12848328669145193,0.061177752496989826,0.1097318115281305,0.051073379419186125,-0.041474726627929025
0.03750106801352754,0.3741648945761617,-0.48744630120583715,0.11462459507198738,0.047359250604035376,0.015918183665006365,0.018415544873526167,0.040797717689508455,0.00472943305468956,0.002536681307034864,0.021655269320086133
0.028870340361305275,0.3914834038426988,-0.41376403840759185,0.14670031701696057,0.0008046494576021615,0.07743411775700093,0.03891856322776316,0.06131224965965173,0.03750106801352754,0.015244758690428947,0.0025227270942650764
-0.001750834173620305,0.5098499266641516,-0.35715136784790297,0.11138478823458886,0.004514631337258376,0.003413997787773483,0.001923712310381691,0.05261245017734171,0.028870340361305275,-0.02700148513449797,0.0075672100378923425
-0.016217116593153502,0.4207461558530586,-0.2368492696947415,0.16596103903001522,0.006618601467072216,0.018719112444484317,0.04950736760825062,0.06712348909845897,-0.001750834173620305,0.005454705934852909,-0.02454034476292327
0.04831474003728308,0.31769607304033753,-0.18311786092434393,-0.08000886982300226,-0.1275875846962718,0.0006985208418200121,-0.033525569461672344,0.037495927587138135,-0.016217116593153502,0.0368844184304277,-0.015239707790361158
0.024009429821478044,-1.0576868098160812,0.19896961781802222,0.07728469769487568,-0.05021489822323082,0.13517697086003222,-0.0913679745457605,0.06480628791871654,0.04831474003728308,0.06917361549480654,0.013705590690762088
0.06301096661562805,-1.4950722531894423,-0.19719893801529786,0.25655656886219913,0.07788224814672062,-0.010324661956075041,0.011215892423370993,0.051372003823757756,0.024009429821478044,0.06558064806827676,0.009440807905385649
0.14786365628122938,0.3112972917452642,-0.4665151077309288,0.1394948095638395,0.05415666818007758,-0.009089043948605149,0.023279961012654837,0.10042087880114471,0.06301096661562805,0.014936932938689699,-0.009496521524404822
0.07189262210966614,0.37223657423665496,-0.13083372859746625,-0.12924380197851393,-0.027370354140097235,-0.02631280498339637,0.07907277998305533,0.021979098006550214,0.14786365628122938,0.048004371136379995,-0.028005935448925677
0.1398539962290936,0.2932992427743355,-0.25053375224632546,0.12609056630888327,0.07113887685099707,-0.024049671672536813,-0.04446872770523031,0.0692168918561748,0.07189262210966614,0.07020022350319448,-0.04393126902887518
-0.040460245892251966,0.46649345504327383,-0.02477393683985408,-0.18856714607119657,-0.04084227946834264,-0.006490262934691194,0.11176445593308365,-0.0007574941783437281,0.1398539962290936,0.04365480915174514,-0.019445331243416467
0.05777432072852495,0.1402901799631812,-0.39202799671770044,0.10469809084100849,-0.28948892572592344,0.1120722280856167,0.09041024224817686,-0.02704299369658037,-0.040460245892251966,0.007279788685453279,-0.018463045957509448
0.0874899460437633,-1.0347439545148076,0.19315746475884235,-0.11574857369094675,-0.291039838926016,0.10105797160085303,0.011910832844915571,0.02270943588031409,0.05777432072852495,0.06291099075176379,0.03510206231307646
0.023699350713397377,-1.3359864941036736,-0.19291098869095682,0.3194603061956834,-0.10983354804441842,0.05357007027149037,-0.10419071017449325,0.11358021531975489,0.0874899460437633,0.10213809929092653,-0.007916677784088008
-0.02489278884811914,0.32938052336882234,-0.42060519123131035,0.14403230946532564,0.05319588120589269,0.03755519191791483,0.02213179097797696,0.060126410355155216,0.023699350713397377,-0.0021212618832685344,0.010047040563779436
0.04048718289988681,0.14228892122840464,-0.5072682362386424,0.2264262862892281,-0.20189117993427638,0.10977799578369886,0.07330266473092063,-0.026986149426873468,-0.02489278884811914,0.039889831251642624,-0.02179983969532626
0.010828060173885677,-0.07319330838304154,-0.144564033447363,-0.016302115658190598,-0.14942224745280444,-0.035015174528552614,0.15488518487770683,-0.1654280951768065,0.04048718289988681,0.08443622233253953,-0.03888919866073038
-0.02586942395256005,-1.2800187292964913,-0.8033454439396891,-0.1609245999557405,-0.03475956779315171,0.06285361802848502,-0.020267676603807582,0.00677602004727694,0.010828060173885677,-0.03631666401644838,-0.012908564614273662
-0.028070312983146026,-1.3404780739932227,0.0007466214415716401,0.0737161267618187,0.11965802386200707,-0.02577154071834404,0.016170033999718315,0.05087467404940864,-0.02586942395256005,0.06645385922066567,0.04209299115226184
-0.053396065717457,-1.440605263671282,0.01043838488306243,0.01714783571444801,0.029123604977035564,-0.03247566713614453,0.036958933520205135,0.011416967374874853,-0.028070312983146026,0.07643488284568734,0.034320156216177566
0.020264772122171544,-1.393366770725976,9.208971647872787e-05,0.1688728171125001,0.23493430036381213,-0.0834096572127733,0.0948053491048636,-0.06267203950198857,-0.053396065717457,0.026424870639943508,0.054631776093999475
0.026295408957528393,0.22925259850630272,-0.5832186169115662,0.11110073285316956,-0.013078075684438882,0.011641046611706904,0.0009668796336421112,0.06327795120748211,0.020264772122171544,0.0003973441161994169,0.024261453243994983
-0.00243781407943885,0.3887613312492781,-0.40194628087678935,0.1159459224932262,0.0053957062832472,0.028462154648637734,0.010121087810952717,0.007879787187517345,0.026295408957528393,0.011114633757889587,0.01079832642553096
0.06876128660803296,0.3361579131392194,-0.3323663927134887,0.09197186579701587,0.02094028745381411,0.01119626268010462,-0.025367351238248074,0.021948678699271338,-0.00243781407943885,0.01726027993264087,0.010562197926885054
-0.0076407388245434225,0.5238242307309676,-0.21335370844478738,0.01695316252307908,0.08263561703229289,0.022015844972035768,0.06957318529565938,0.014701560629387482,0.06876128660803296,-0.005551826511369564,0.014228541917416043
0.013984461129853853,0.4962196473138481,0.3596631645568175,-0.027312923078792777,0.027544318217317006,-0.019765631988415328,0.004874325426746572,-0.000192826320604066,-0.0076407388245434225,0.04125442508753263,0.00724168083614579
0.00602033100096866,-0.798294297157596,0.5370517647746839,0.05287844454499281,0.15198965120045385,0.12280462740588842,0.0667882851471842,-0.012541425207674768,0.013984461129853853,0.011600464393324725,0.02961301923367965
0.0011621925717498524,-0.9293801888522939,-0.5365893824201232,-0.06685334309067936,0.1258237863782782,0.12867721481893443,-0.011417571039656887,-0.05038442076151379,0.00602033100096866,0.0072846793457525165,-0.010304560156209772
0.0016024680280101369,0.2929516693589746,0.07491990835064628,0.12967613563793173,-0.05253498504669997,0.002998990191564377,0.0028358620355161536,-0.0008957710132679498,0.0011621925717498524,0.019903029220165385,0.00385490351831252
0.0027296597447073936,0.37978417153504257,0.12207111050973302,0.15282906520479322,-0.06052825473641235,-0.01765477776018451,0.004223332235123506,0.0031960647978362617,0.0016024680280101369,0.008009432830613799,0.0042843047377099895
0.04995252478613765,0.31457966185683867,0.09493863444326431,0.16788074157020527,0.0004382068320922442,0.014088117780872383,0.00048359044277701904,-0.02269186690027331,0.0027296597447073936,0.022480975743496584,0.0039040597990652078
0.03196164409220339,0.6097356360826232,-0.09196469617801849,0.05166584785311273,0.05073762190214533,0.005756456164510318,-0.015684969211010515,0.043137305148699415,0.04995252478613765,-0.004925458433963633,0.009535519216055872
-0.08292746559655108,0.6231434510992563,0.24899682149882138,-0.3327437615178993,-0.03565220177685406,0.037934937678612744,0.10376899354425026,0.00733152837114518,0.03196164409220339,-0.003342263237939973,0.01873310417794592
-0.028905862231918707,-0.9822580991292201,0.35528658473617053,0.0805071368582202,-0.05366931919910982,0.20501151581594645,0.04465754575131971,0.0908512296267766,-0.08292746559655108,0.03411836123464946,0.016082693448263012
0.07955223934923078,-1.8430636527810176,-0.34237510587102227,0.08881659939267784,-0.046767725738438216,-0.16934962529084435,0.04979946076573931,-0.0847189410816385,-0.028905862231918707,0.03733462535566722,0.021834547485337343
0.1626918206687291,0.03526601089438074,-0.1944668232191167,0.251761056137397,-0.01241329366468688,-0.018713357401174805,0.025665301715086172,0.08970804455394354,0.07955223934923078,0.07624324567475224,-0.06429747898786846
0.023966275777682306,0.5133588368892259,-0.08184596793108669,-0.18112821270912477,-0.14981580922067445,0.004490330998681028,0.06617659556562658,0.02231394945908394,0.1626918206687291,-0.008132980337328321,0.005165008773056151
0.04520502130858584,0.5630992054019294,-0.1330284842010085,0.1058901490404117,0.019048309562562676,0.021432037158151705,-0.06409000415900239,0.0560909109969295,0.023966275777682306,0.033136744225393366,-0.010913099578016849
0.01696098078897736,0.5552581889464454,-0.04072254192429758,0.00983068408548363,0.06300791191226902,0.057867063021132155,0.0470104827605097,-0.009891498132294367,0.04520502130858584,0.008839157403071368,0.006804938340182322
0.037394701293867565,-0.1562689458542261,-0.46289503002781845,0.4163524255151806,-0.1862035284729989,0.07768497250064144,0.0027889916631050663,-0.011183837227968611,0.01696098078897736,-0.029383523331604523,-0.006901153005086686
0.00904699596957277,-1.611290588103779,-0.25700966575196194,-0.0871203512945524,0.09786894725505453,-0.1501436247908747,0.1688070665224216,0.06763146983196204,0.037394701293867565,0.09012133846451292,0.03730207688239198
-0.121635824958095,-1.1825073028935675,-0.7049681413168584,-0.11367103319891793,0.06468372385638657,0.11283008693027603,-0.01533838846979301,-0.027060777508729338,0.00904699596957277,-0.0191299627374945,-0.013679984415765479
0.13987308363332804,0.23662800087979882,-0.2821950412694659,0.1421075873550866,-0.11080919162795791,0.10710589835878984,-0.04826254663931583,-0.061682648365413144,-0.121635824958095,0.04313348962010931,0.01606003135363436
0.03962269383271144,0.5231926854339142,0.051052197625312525,-0.12282162188146165,-0.12267448285717256,0.04424165006552537,0.008794543297394125,-0.08766674542562491,0.13987308363332804,0.01567077273104167,0.0012107000641747947
-0.036236295620532176,0.41844894697773105,0.021075756607516368,0.09790166978449073,0.024031610653137123,0.12851737437498736,0.01768006773107709,-0.013782649707098823,0.03962269383271144,0.010981290911457546,0.01439792854226824
-0.01247802714339488,0.31673614150208595,0.08472267085585068,0.062134861597662926,-0.01227926323889581,0.0865984338507653,0.08521425412158451,-0.051428328756537495,-0.036236295620532176,0.04238129207655039,-0.02426994689731961
0.13659895336161101,-0.49298211802808595,0.020613302924486505,0.12624663036127334,-0.2198094680237928,0.15711720695835363,0.048897661538294515,-0.05042350925548121,-0.01247802714339488,0.07492560058560979,-0.04460903062693581
-0.002154220023019507,-1.5297290107498405,-0.09028768997884808,-0.04177895960490658,-0.18302347345488262,-0.07012207057494677,0.07200324089350847,0.040482487401347855,0.13659895336161101,0.031787736004735875,0.011309092908557581
-0.08782536840095602,-2.199385627917827,-0.6192548443313916,0.05092416776881072,-0.2223865664329395,-0.12259224357704894,0.021143751678915097,-0.052552824160525376,-0.002154220023019507,0.06296715133766004,0.013874993421770187
-0.03451605362074435,-1.3991543447887278,-0.3304141076101496,0.12136808440750979,-0.004973768473679984,-0.20762633370237746,0.17071717528705654,-0.043686965311735305,-0.08782536840095602,0.11262291829209663,-0.022897160664900343
-0.01207284928470767,-0.1269391635322974,-0.08318535371200446,0.023742746717730356,0.08511867109983379,-0.014469054573928733,0.10269168388852722,-0.00441984363555041,-0.03451605362074435,0.05363231089585021,-0.019121200034571982
0.05818250622760322,0.10071938102427959,0.01233679859534602,0.05248003887578783,0.06310859254309403,-0.04375550006750638,0.10894712205498072,0.017588039196368057,-0.01207284928470767,0.0505845397482611,-0.015567703008241547
-0.04525525093970133,0.07568090916603541,0.09857971206888952,-0.10086771481814005,-0.10581077663614451,0.012463722181282357,0.17575065503298445,-0.012280944820177813,0.05818250622760322,0.012772301291221552,-0.028195698079154452
0.06707419135111742,-0.01969678766954443,0.2109716646964637,0.07397323731333028,0.054610432328275275,0.04441943029001169,0.16410878514392277,0.017659932988080433,-0.04525525093970133,0.00044211533572493936,0.0026918286464080042
0.08699336420969919,-1.3291348255757325,0.4524956095152688,-0.05135195043612428,0.09499950936605253,-0.23849373150293515,-0.03121729638788774,0.0023126725454030777,0.06707419135111742,0.06263577793156763,0.0698698586856523
-0.0497376993497125,-1.6826739381514193,-0.1505161316809978,0.3490648204937354,-0.17656675965578292,-0.12212494360332325,-0.009502284040935536,0.14837784675361604,0.08699336420969919,-0.13149565589207932,0.02932865251248482
0.01825968708815395,-1.4117749338985963,-0.347054231873315,0.28087930844231196,-0.09643883584464802,0.02377268325198132,0.12025527126270312,-0.03725876792536403,-0.0497376993497125,0.07527119307215584,0.009195020974511206
0.04636885951354975,0.3025735766461728,-0.4045341448718648,0.11888879952559732,0.05133072971069833,-0.03722836324619722,0.06622025100248279,0.07350912945683769,0.01825968708815395,-0.03682919167350588,0.02359696646190557
0.031648536752535435,0.3363014519857677,-0.28669827052905444,0.07165925730773427,0.06645423875718731,0.00770017678072502,-0.0036544648840454207,0.05406534402581353,0.04636885951354975,0.025527490559400342,-0.004370869079531193
-0.03468861869745096,0.43111558886530144,-0.26025610224280465,0.05032084596245711,0.0628761861869891,0.030225619613534312,-0.022901656537483946,0.047351455799759565,0.031648536752535435,-0.02774690340531965,0.057673786062357645
0.05052402901645267,0.4538593770213618,-0.07327710165405962,-0.010314219352965436,0.03623895616334874,0.025105770808887942,0.020848788446056993,0.02199797659700863,-0.03468861869745096,-0.013882754856365215,0.012014241656528422
-0.015584143882688103,-0.98467644808838,0.23038433828764662,0.07119192942032679,0.08924323870479382,-0.0029064808128518626,0.16072893743616576,0.04536505893033747,0.05052402901645267,0.0276113813528777,0.031518033294637864
-0.07980802102758763,-1.3622723974408761,-0.0829538539333711,0.18444851652835523,0.08101860965625439,-0.11009030284309958,0.1119884803910876,0.041712832479523024,-0.015584143882688103,0.04631401038982047,0.017000544259943937
0.04339244809394665,0.22316344429099097,-0.597560048480781,0.18228019437023968,-0.36970897329961755,0.050290712339095295,-0.09066725754380077,-0.03868827469193122,-0.07980802102758763,-0.042326150506621835,0.022715519832334777
-0.01376439126860834,-0.4498362313532893,-0.5341231115384569,0.07745451118028995,-0.024784659925749325,-0.1677330435974814,0.01993256459855093,0.08029222144593218,0.04339244809394665,0.11080527638051686,-0.06827811380113956
0.12353542523670281,-0.24327783968125496,-0.3197115504176916,0.01920824141074577,0.10267052489417247,-0.18319404425755048,0.03520026974183567,0.045024010260224186,-0.01376439126860834,0.10348839845377485,-0.04782289087257365
-0.08370009173389148,0.44897984632230803,-0.02952896707753977,-0.17999557940288988,-0.09011962622184336,-0.02572678699698585,0.00934288923460358,-0.09891389594824258,0.12353542523670281,0.02005597310973107,-0.010859943175687474
-0.025171323708572082,0.5329841635660402,-0.042855737382149074,-0.04860886051705231,0.03631014375750605,0.03810133296793143,0.031901717189426824,-0.05465090046288001,-0.08370009173389148,-0.014984690557394898,0.02633655554052967
-0.05774065206337632,-1.1161226419636265,0.3543999995330441,0.008613571620838562,0.09543006660891083,-0.0666610393088542,0.1188125578536994,0.01310072421015259,-0.025171323708572082,0.01942471804228868,0.017973888251980694
-0.06382139288036663,-1.4529733946367902,0.04892170853771712,0.23753759958460033,0.056198591925595356,-0.07128972123605949,0.16556844956824093,-0.03178331764805762,-0.05774065206337632,-0.006396301714808225,0.015872899442140723
0.18805290260049484,-0.296134018892418,-0.3743515517443048,0.3324359146722018,-0.10638647648005539,0.019097744944154494,0.16160342265499666,0.0007269718991483211,-0.06382139288036663,0.07549114053291205,-0.05846650042480057
0.006330649206217537,0.2513637715472494,-0.09226848834300382,-0.12659611180702307,0.029052229745302433,-0.01686397110579271,0.09741078970355233,0.001190457619044475,0.18805290260049484,0.05506671288022543,-0.004723051524564678
0.12711349343600495,0.5174179138092723,-0.11759679062888086,0.10882317281833155,0.07514387247347178,-0.0076714887514323085,-0.06297484657415173,0.02924922198926222,0.006330649206217537,-0.005312853797052716,0.007604268303537609
-0.04272324396829741,0.5664004812593866,0.059440729708012424,-0.14113956598328178,-0.02238166718572033,-0.036824598338346295,0.05667954420748505,0.02073183981759239,0.12711349343600495,-0.011163923223915543,-0.0063628656272104005
-0.1970532182913274,0.5002934073772592,-0.003334155228833989,-0.0404868483301389,0.027971118714383573,0.06056273981337699,0.053059877355276716,-0.00045827621933251426,-0.04272324396829741,-0.0027988846073531974,0.01903445207092766
0.06391717938566992,-0.9137151231707916,0.5665508597506806,-0.01329125344898848,-0.10557560134046541,0.27944077625056335,0.25001901172616353,-0.012889251497693984,-0.1970532182913274,0.016527212782863326,0.04258141155948236
0.035319591466550365,-1.3312568504222955,0.04950935969744116,0.05631535266974404,-0.03998726784605565,0.00335287101506142,0.13585315201544074,-0.1369469173861903,0.06391717938566992,0.012833203950108804,0.03751290810790274
0.050833938184675256,0.3978102421736601,-0.342272441854454,0.09328441820107372,0.0671111562001941,0.004722943057163412,0.03636613282321557,0.02812406005497655,0.035319591466550365,0.005282002711666978,0.008230969299340361
0.040602768763566055,0.5012013262270838,-0.2491020476321926,0.05429923458200959,0.07366273163384227,0.011299039984305316,0.006015621550217131,0.012593720265391222,0.050833938184675256,0.00738066682586545,0.0014362768014066247
0.14777232682030364,0.3178508868725254,-0.28814610718940675,0.02435174784353908,0.08993035328166897,-0.17484924561108825,0.08462850237516926,0.07251817816282481,0.040602768763566055,-0.003900249627270691,-0.01392256306740642
0.058103396056168176,0.6588739246294634,0.023309735479974513,-0.27216614855820054,0.02715392511833513,-0.0376880962085863,0.05726056939878196,-0.02629539986478164,0.14777232682030364,-0.007381178327727561,0.023709270292218226
0.0017208159515802264,0.582176213862952,0.17267886075328562,-0.20644619816759843,-0.029931461366089252,0.030399477334281708,0.009554646412721442,-0.07718416759868893,0.058103396056168176,-0.004417674690351654,0.022065431470298005
-0.02476702265847831,-0.8257272104822567,0.57206249918661,-0.03965702641635077,-0.005297186174291918,0.11702716263885644,-0.04627216881818571,-0.019179366221443558,0.0017208159515802264,0.05434141985883713,0.02064913320878628
-0.0028345498124891302,-1.2961731697276058,0.14165144355142462,0.2950907103561013,0.22716747625726574,0.047238473916900454,0.11312689184013049,-0.012335953989205752,-0.02476702265847831,0.004367293828611535,0.021836275896750208
0.028922322297099057,0.18448177836065674,-0.3494860067269911,0.10222493975131254,0.1636632708916178,-0.09323606113142513,0.09094665331443841,0.07103646911048195,-0.0028345498124891302,0.05719918580254548,-0.04265899492559732
-0.016871801219308712,0.5464235088352487,-0.21523546120177225,0.060934642212899535,0.13015381906289472,0.014250142793812908,0.013536162050186101,0.021241342042258034,0.028922322297099057,0.0046983772195361186,0.011293500934220125
0.002216396516723983,0.6283780036583992,-0.1909451709887935,0.018267017324198172,0.05612436254116429,0.015864306762247735,-0.008325022141977296,-0.03117492238165917,-0.016871801219308712,-0.020603260262302373,0.021663652093390336
0.004378730521086199,0.6164879510348108,-0.14790674592669795,0.0057590379969808085,0.05698166496427896,0.012049974019025725,-0.045308399265680366,-0.018708817941522075,0.002216396516723983,0.003847986567636752,0.014415274412913253
0.03395040254545477,0.6379656352707728,0.1345870681437988,-0.21510234498093606,-0.015698220198939274,-0.01620244879335105,-0.008630263176592951,-0.03666074266488448,0.004378730521086199,-0.041470417678832874,0.0228809637602525
0.21574309578088494,-1.1037750660512742,0.7248189947893064,-0.2129919845983441,-0.04024780641826619,-0.08413672794723953,0.04256922292013237,-0.03132918432419903,0.03395040254545477,-0.06845877055411291,-0.00011506309499271776
0.010137088795178772,-1.3834682894138457,0.0933276314192594,0.19699410361449352,-0.10725816586038715,0.044145899461761354,0.23223203524092242,0.019028761014445627,0.21574309578088494,-0.11729534246574319,0.0031363360080478688
-0.00753412081186738,0.5286497965051533,-0.35915327949648485,0.07637822038644095,0.12699850505255902,0.023506736966254656,0.0019096741823731568,0.05484509253319454,0.010137088795178772,-0.027397945934673526,0.04309613892205466
0.06933353785824668,0.31529294332094865,-0.3564975675812833,0.01795202653514679,0.12492387654688449,-0.12049429416068438,0.03413366412899707,0.03722149443426645,-0.00753412081186738,0.02923960728667896,-0.011888496048591329
0.015761419333580946,0.6951570085154983,-0.06561216219584765,-0.2539536753738726,0.0039013150342170917,-0.05239106046800388,0.03623740911216664,0.05308587739238464,0.06933353785824668,-0.07096430679808433,0.04260719450258899
0.02192966623741452,0.6772040897872266,-0.0972266263405074,-0.02385143294217448,0.1050924224970313,0.005862526457413661,-0.01318735460177593,-0.011328040280384906,0.015761419333580946,-0.016555251304820814,0.02482999968186041
-0.036061629865488984,0.5541133490212973,-0.2197014324679215,-0.04586102033018919,0.09009991886641212,-0.03593902269945792,0.014819980569474693,0.03358244825565587,0.02192966623741452,-0.021422592009166165,0.02466140503285493
-0.005775137229449613,-1.081675348171883,0.5474773666643099,0.10281870167032155,0.20286478910344571,0.07267280560593456,-0.005834395398147516,0.03442135136346355,-0.036061629865488984,0.054701020168486415,-0.0023447743333100007
0.009100054121552398,-1.2647008025884456,0.24639499520179345,0.19842995716248937,0.32795042738731417,-0.03354049414416365,0.036927275685291985,0.0566591730518148,-0.005775137229449613,0.02537419872429272,0.014364633211400335
-0.004679159430955688,0.28328685114676744,-0.06598627526890184,0.2793878560753256,-0.11932904770450944,0.0064319597001975945,-0.0034327618068386613,-0.0064689838203851316,0.009100054121552398,0.005051162933322759,0.0022473217019007724
-0.020083401413060403,0.3934599066007367,0.26012391307507104,-0.027619946888545337,-0.04402369667035468,-0.05441386352824063,0.004725072706496536,0.024922775429989764,-0.004679159430955688,0.008536698287619545,0.0052607612908690295
0.0950271542595652,0.6928712394044444,-0.1685189743497111,-0.0024250702961814675,0.08650950615792857,-0.006290549408890944,-0.07183337929857403,-0.02871717728115693,-0.020083401413060403,-0.03230704725704452,0.02644055800588898
-0.040610766363118785,0.7146418521603265,0.0003012594582673696,-0.2500878386812024,-0.058038025136626745,-0.014940364429194893,0.0592763555077162,-0.025651556429696933,0.0950271542595652,-0.0638154830155398,0.05281525753615086
0.03217704839132729,0.6728104633876972,0.14661005222593654,-0.09325834776617678,0.007754413934096927,0.07642204754094306,-0.03769899876293881,-0.040501028331351635,-0.040610766363118785,-0.0084793797700379,0.018878986930828384
0.011820615033734907,-0.8338673780553268,0.6197648270808296,-0.1385384109888701,0.0006910896477712884,0.13553881607471907,0.047910456781990955,0.023555428832829108,0.03217704839132729,0.008484776251503977,0.03512521108224188
0.017947997988196213,-1.1685387044848796,0.2755654203559417,0.297312089026732,0.21379037732531977,0.012626084806880634,0.10963697152383839,0.0159507319863721,0.011820615033734907,-0.03931245882164035,0.008105460933662184
-0.007095958876868819,-0.04371410695378316,-0.29326526176162354,0.01005547395417697,-0.1789931530955826,0.04674848881399567,-0.0114710076390652,0.0021520899210407695,0.017947997988196213,0.03755210212505151,-0.015098955824568501
0.033303820665024506,0.1803606006274419,0.22087460627364722,-0.12404911420004684,0.0649015772490388,-0.009980330829899868,0.0019724820006579934,-0.0013144236222816805,-0.007095958876868819,0.037703639365156985,0.00543113564418884
0.013989270597091782,0.4818532772251827,-0.11788346212641003,-0.08700927468635752,0.006776379813289078,-0.0018741248004119102,0.011226745621078699,-0.010855535490088025,0.033303820665024506,-0.01073866540730569,0.02338464231705403
-0.02384271029276528,0.9010563958028428,-0.02341528914025658,0.010130571392914227,0.11629690137076959,0.023986805006397716,-0.022184513601144557,-0.023076276378511687,0.013989270597091782,-0.027513213339452888,0.040571996743913846
-0.02511503882996874,0.323948926591237,-0.038609177080659744,-0.12187645584809609,0.08357318409460329,-0.027757548838362563,0.004896454176105382,0.01094109944883518,-0.02384271029276528,0.0017146147559093578,0.017817309167050023
-0.05059547188182629,-0.7883126422136378,0.4966020458113426,0.07438526327487711,0.01619500016852365,0.09042339581516995,0.0009358094926686794,-0.021015119833815377,-0.02511503882996874,0.07138554282218929,-0.007599663286234313
0.0667489042648294,-1.0855782937441012,0.084834641561901,0.302869680522393,0.016874902727086652,0.050408955350476195,0.022417735501371897,-0.018839432265630677,-0.05059547188182629,0.01746666559748212,-0.015702721023197985
0.08171699369659768,0.6403181596115822,-0.15714998268656089,-0.20576340646339572,-0.02281198840924409,0.03208600558850598,0.06197766381523902,0.03166651780740826,0.0667489042648294,-0.039347592953725266,0.041844121073056344
0.16543531040571186,0.7064958384008936,-0.017255143825995505,-0.08438985358380893,0.1076406037029874,0.01925225919656458,0.015894774969691352,0.010114381731256445,0.08171699369659768,-0.016870409378755176,0.025010948667787802
0.02692061172777692,0.0637000420333332,0.19160145949636553,0.17433483368010436,0.32622658702436025,0.005708389486086409,-0.008930385380043681,0.1663267793167656,0.16543531040571186,0.1088768100602478,-0.04731438859845578
-0.11084401411189058,0.7806101443022379,-0.01294704581384198,-0.045189647501105525,0.14310689029559082,0.002622971332320168,-0.031100465843149953,-0.02170752319183798,0.02692061172777692,-0.008968509449770512,0.020875161743305937
0.03656123449490551,0.7208901910767028,0.22896153224477261,-0.07392320260108655,0.07318147352047877,0.0629008269799264,-0.016557986936326444,-0.0646937028875813,-0.11084401411189058,-0.007940750423739536,0.015881875414763415
-0.07832532599103485,-0.9651074829128001,0.6647454814259675,-0.038493927495147344,0.0502846906569536,0.10617396948839611,0.032830637793966104,-0.014507683806147389,0.03656123449490551,0.08550234095534337,-0.0073838979262863865
0.008725350887260461,-1.1824891216749087,0.3288442038543758,0.2075923273470921,0.1574224596945478,-0.1071975882937846,-0.06699342867048966,-0.08876536051639733,-0.07832532599103485,-0.014373364310572026,0.004841932328057561
0.12529480558338582,0.5788975586095518,-0.31194870539023256,0.10577871107416068,0.11667737038897259,0.03305989864077617,0.04366307449367665,0.0589553290052824,0.008725350887260461,-0.034544691250894446,0.03336527322931631
-0.048925954842405445,0.7138394540839117,-0.06398766909813736,-0.19977117045039317,0.00013747658492258073,0.0036464929971095116,-0.007941969731917421,-0.07618662469927813,0.12529480558338582,-0.02012275179311357,0.03776749339030687
0.0054141706982582,0.8088527921079791,-0.059086370239456516,-0.0225067637856581,0.21137024661376805,0.017829878273193114,0.01902872015931053,0.020759078483070174,-0.048925954842405445,-0.04863301816869048,0.05128161230082876
-0.15610813167330317,0.8992574698397269,0.057868461231274114,-0.21625992739626454,0.035837931761516964,0.016353622075617986,0.06796293425208703,0.0145151857097219,0.0054141706982582,-0.016503071734040486,0.009254408238225022
0.17094451638832264,0.77630626234888,0.26827217517549506,-0.1506171094852505,0.12104278879331035,0.10318903526548971,0.048326319011700536,0.10578429674723362,-0.15610813167330317,-0.02523455976553111,0.03314800089410815
0.0045765816068492424,-0.7109839493873689,0.8280502465068004,-0.16099301916503234,0.08175680990455761,0.10671777347071562,-0.03639865815473712,0.08488785118476153,0.17094451638832264,-0.02382735769310853,0.007265083762134617
0.004456559096141644,-0.990019023232934,-0.5820399173577536,-0.06892702370227541,0.061559774591683276,0.1334556352333227,-0.0015753334478324243,-0.026597672405077512,0.0045765816068492424,-0.020887031696124794,-0.015778119721875487
-0.03436162651650413,0.046883955938005595,-0.05467103658772299,0.11057579043835213,-0.0035781242233538066,0.002259422081852168,-0.002786162363953424,-0.014220604885140415,0.004456559096141644,0.0035130039571221973,0.0016593608074762073
0.0024772053483470896,0.5904839707569033,-0.2091063665370451,-0.0001988874036320294,0.09774136700530346,0.0010878113520164552,-0.02985095899945658,-0.032672944226613335,-0.03436162651650413,-0.02897923929813883,0.04060464659060001
-0.04247413904824721,0.4418140482419231,0.17757590658133932,0.1638370158147066,-0.05483728760816474,-0.05257643914643499,0.004433302945308275,0.006115760753068109,0.0024772053483470896,-0.017663151568352086,0.004109740359956725
-0.05165432400616849,0.7297696839838472,0.015753547078709216,-0.11773986236364185,-0.01147111361924542,0.017079711799812585,0.043759806231897784,0.09673119961224728,-0.04247413904824721,-0.06337198090369213,0.03702181996180355
0.14475478326975785,0.5955731042237739,0.3259897527651009,-0.18435500134375127,0.036557297299098186,0.12158338226823746,0.13863413086691412,-0.004414087069468366,-0.05165432400616849,-0.02498826635776227,0.03173122799515936
-0.04810144281815138,-0.8305208607989226,0.6390277981656708,-0.13063139160056725,-0.07712611290674073,0.05863848088654524,-0.012670633286162358,-0.1115317354682343,0.14475478326975785,-0.06255196264826936,0.02190898245356078
0.004458522958279174,-1.2280402235935557,0.304436725676353,0.3018681627075122,0.1255960154609991,-0.008034433289185504,0.051595276046045864,-0.020776193368189762,-0.04810144281815138,-0.0794401851125176,0.0014141573488125434
-0.006032805780688036,0.5228228566521422,-0.27982085141571283,0.04293591614167757,0.127879840057789,0.0091821918597584,-0.009390204761124767,0.02963848763193808,0.004458522958279174,-0.02663404480690385,0.03398132609980031
0.016515681764744054,0.4476201344045388,0.30166847697023436,-0.038529908857542136,-0.02862760767369414,-0.04574677928222031,0.003838326453246545,0.01955344290831768,-0.006032805780688036,0.02724731305971995,0.007222214425379268
0.1621831038108841,0.7192972377883756,-0.12347539863812952,0.029987393579357275,0.11720877402805033,0.047297827316679794,-0.03370253846922469,0.001212323514442515,0.016515681764744054,-0.038758611556405406,0.03881962601971756
-0.05223976897963568,0.7504719769814499,0.06419751762154478,-0.2107969253373884,-0.005762994635554157,0.052132742725547944,0.023676471117186505,-0.07138536669467745,0.1621831038108841,-0.025345849878268302,0.04113390132720277
0.09507484180931126,0.6223557222252856,0.18401000663707637,-0.05527464249789094,0.06575873146524387,0.08863374937936344,0.031105427887495977,-0.02997362391818316,-0.05223976897963568,-0.015083241271794248,0.023335762683774176
0.019431249172677263,-0.8695189119303028,0.6027034153685593,0.10375630703545399,0.22931391576579002,0.1331257065317045,0.03957447485201193,0.08648813627675582,0.09507484180931126,-0.007246227512888049,-0.009924098092973864
-0.1056888466870846,-1.3362609124724698,0.18068629601562847,0.16310972668790522,0.12220165537814326,0.004894814676472874,0.07596902675371645,-0.03894737647410877,0.019431249172677263,-0.00659287706581811,0.018466710315122824
0.1490760287047931,0.6345192896160378,-0.19781956651124882,-0.09662092063519132,0.05069056702646115,0.06070263088472668,-4.603808361065517e-06,0.16141538228654922,-0.1056888466870846,-0.03795929044108469,0.046505716594833824
-0.016604555336354566,0.7048718138086782,0.0005002374207171369,-0.20215893473067054,-0.01816334431750323,0.029117096234697114,-0.009099872648544801,0.006506553536671884,0.1490760287047931,-0.0373219719987651,0.022901732909016908
0.12283103748463985,0.7750768461591506,-0.135845356411114,0.02693274518425352,0.14618035198425658,0.041147796285714744,-0.03207818772833492,-0.004748277849585694,-0.016604555336354566,-0.05984184669342684,0.057117782736190136
-0.07883941861319488,0.7689204236370549,0.12804762391664537,-0.2688794325255983,0.01913401915119734,-0.002120658979513662,-0.019220937456007177,-0.0703348982183345,0.12283103748463985,-0.01328816892741315,0.03271176335050672
-0.08039156411223944,0.7328593710111657,0.2462911390898632,-0.13114475277492574,0.053679159546932614,0.06471838773158475,-0.021683691523248384,-0.0369983642040103,-0.07883941861319488,-0.023063039931051667,0.022842877144642407
-0.08432811632211047,-0.8054190706848221,0.5670777471758889,-0.11160211609526842,-0.01145185971008359,0.09636221984134122,0.026747208377275938,0.14589686150067463,-0.08039156411223944,-0.03445969523429833,0.0040340687570085505
-0.04992051436452529,-1.1890072549093715,0.19666987602250302,0.14512377423040063,0.11935711596003352,-0.13758605300751334,-0.0652704413744604,-0.09513562951743022,-0.08432811632211047,-0.06809979566422891,-0.039443343201626666
0.11099277285550682,0.4663351583614655,-0.36219381077661217,0.033523755329070065,0.07011855036828445,-2.495840443854751e-05,-0.00034655018673422004,-0.01074041737760243,-0.04992051436452529,-0.046549445520751874,0.048443514043613155
0.009472458337588805,0.6815949866059371,-0.17785644830389158,-0.31595062510273186,-0.056918220921247153,-0.06863638123839756,0.04302449476515018,-0.013640494344813481,0.11099277285550682,-0.04668775331814019,0.054928556305406266
-0.003786624073302114,0.7278941792261026,-0.10117629402894725,-0.03620020637661748,0.04011818808929142,0.03793471055393252,-0.09279892837139257,-0.012327009016787382,0.009472458337588805,-0.039191299210733256,0.03261134527575317
-0.008817538953494762,0.5193699112158203,0.3101788716757394,0.04714899606011614,-0.01405343004022146,-0.034632450786333056,0.0035635375201274193,0.003813007503539583,-0.003786624073302114,0.023109955738026336,0.006522767468100201
0.01573926697591394,0.4986174149014632,0.3937443724879828,-0.08539788576979043,-0.0089296148772267,-0.06243828965652332,0.006296706938317524,0.024730177637933903,-0.008817538953494762,0.015010317844302526,0.006369277445775466
-0.12290973075302497,-0.9204508431930587,0.30854742157887177,-0.08943383185811059,-0.131540125609703,0.04283238345981964,-0.05883673947602277,0.03762633454735209,0.01573926697591394,-0.03872060493165212,0.019520613954614133
0.014149641461908951,-1.2889478812133615,0.17627199132839588,0.11163764652409981,0.06782025585321738,0.02742554194309326,0.08557531451492835,0.055314014096296805,-0.12290973075302497,-0.025772053722563804,0.02184547820561981
0.00655131946833708,0.5495862318899373,-0.3512303811329568,0.1569499842603779,0.06905970482785725,0.09034475665531554,0.009880273692935045,0.04777286950544772,0.014149641461908951,-0.07315015612868518,0.04659556397294985
-0.02274492236245616,0.6154952768767812,-0.09640260487023794,0.006314459155291995,0.09722063554632542,0.003030753384560288,-0.0704193942079305,0.022920981709763023,0.00655131946833708,-0.10617535312833126,-0.04842095644861513
-0.001000170644310821,0.7257570481055162,-0.16716493564528878,-0.028217249546504272,0.05829550734972097,0.06184283242344913,-0.03527468618311333,0.0236661276567195,-0.02274492236245616,-0.03696922351173259,0.04896545453349581
-0.05464218334542812,0.4004880381150828,0.30260261488027784,0.04788205159887247,-0.022076924901504938,-0.12524696354439196,0.012221498283085977,0.03363983458525609,-0.001000170644310821,-0.10002918379463684,-0.0036403061748639153
-0.12125317032099167,0.46617271788103276,0.32262015095514684,-0.26394456314146997,-0.12078366980008476,0.09529479897453777,0.10858723412234696,-0.020850323368208457,-0.05464218334542812,-0.06651441282627725,-0.06763747826780626
-0.024396945158542082,-1.058025632493526,0.4104588044825427,-0.08354548345703901,-0.08999276302807975,0.13413520107450044,0.018777307964885318,0.14426006074785389,-0.12125317032099167,0.02990458198795498,0.01013957019999902
-0.007379084355364061,-1.2878341964729507,0.3179623771002842,0.04256854236640422,0.19187611187194073,-0.1911488385675295,-0.23186390604198723,-0.03413583394118473,-0.024396945158542082,0.03208606904683655,0.017995299969324332
-0.00073509179445306,0.6889781058972461,-0.14032761190502932,0.05101472425624385,0.17162741649053304,0.0384706164591038,-0.06878763984535026,0.016457372221152587,-0.007379084355364061,-0.027315573067728978,0.04323736104559815
0.010601647806751588,0.6433734437975303,-0.10454994313934639,0.0018357184483678238,0.1832126497997081,-0.044944962205296875,-0.030186017983211556,-0.0042765156717096756,-0.00073509179445306,-0.0009675675877056825,0.00529659848734554
0.02822738003404288,0.6413064053031946,-0.11821254133072964,0.09451658502299114,0.09882083972541116,0.05472076459737194,-0.004414906773122178,0.017938309692126807,0.010601647806751588,-0.01013683424202833,-0.002945034694848651
-0.07787955918142066,0.71633433915721,0.048394837231354536,-0.06714649901236824,0.14477239586236768,0.0028165264961872156,-0.03682945357117594,-0.023509702711716627,0.02822738003404288,-0.0005503906161516406,0.015755358899777566
-0.15720390916814309,0.7346391210245578,0.1932640765478463,-0.31483821170468146,-0.05038976384850215,0.05321913956542449,-0.016416535961837155,0.05789699768501949,-0.07787955918142066,-0.03715407765679902,0.029101214285357647
0.03856569897803958,-0.6110009272990526,0.6421538444174869,-0.0020024812000962503,-0.01455550834198961,0.0792349129206334,-0.1523347854397587,-0.045248554612480014,-0.15720390916814309,-0.04957379570989559,0.017642409566609042
0.013026329860419475,-1.1970286032643407,0.3275438554937922,0.25734479709667235,0.1027980424929928,0.07026414979666772,0.02851882100724781,-0.05960421459437052,0.03856569897803958,0.006742815965189728,0.007816790138164428
-0.018228537444498167,0.6646087767779904,-0.3044023333607194,0.0261988006644799,0.05971127984879091,0.020524800148500777,-0.09588809626129075,0.015375783485788205,0.013026329860419475,-0.03578891106184065,0.04255005212470104
0.053590195920450556,0.677562925306134,-0.23178921289673693,0.07586608493044783,0.04157609526834032,0.08217383141749657,-0.06909489767066297,0.011472180958874974,-0.018228537444498167,-0.021221535839286345,0.03257244250941107
0.03774770697888248,0.541738608113069,-0.04430665803668425,0.06168874406920642,0.14535272295409415,0.028844477555710853,-0.021584793103895765,0.05006501543964225,0.053590195920450556,0.027290000316813418,-0.0076440208570780245
-0.0915042866538527,0.7313609874631973,0.06972470944146107,-0.062346306955284675,0.13228203702759297,0.02315395220501682,-0.05585734985368438,0.036999626648510725,0.03774770697888248,0.013031948592713987,0.0038547091440414086
-0.006835310883049707,0.8297198059103492,0.23116287138944985,-0.19421564313358586,-0.019385955324384044,0.04342421584401765,-0.0307909189850418,0.014675194501694116,-0.0915042866538527,-0.035639046226287496,0.027478646478760752
-0.0006266775102056935,-0.6300650899675019,0.5446871171097798,-0.0269723648450067,0.03409481574342404,0.1333159119757628,-0.0955314196967934,0.016940699403204727,-0.006835310883049707,-0.04124245279345208,0.022721363425998623
-0.018355386096679402,-1.2818048620087081,0.11706044424536065,0.26038073971478976,0.12915310334586722,0.042159237536225004,0.0625706382349867,-0.024110534514804303,-0.0006266775102056935,-0.021161259481277162,0.024721183287665847
-0.002089394988584205,0.4635957117678467,-0.268360297668737,0.030095431365124575,-0.04951956404058161,0.061766678574164256,-0.04242620764274227,-0.006850087679880604,-0.018355386096679402,-0.0017066958185884815,0.019898245325950775
0.021040065283886678,0.7800351866732684,-0.1696710077931636,-0.04599267583748938,0.09089570720416408,-0.0022627759337380273,-0.06113358581779671,0.007344207617844676,-0.002089394988584205,-0.023613618391903426,0.028537337744107584
0.022399398425842577,0.6488324540787904,0.011755428679339418,0.035077567013951,0.1123082774835111,-0.07833725527170182,-0.050255916047981145,0.051322864912452845,0.021040065283886678,0.037397514995073336,-0.058653400484089374
0.01901529827974889,0.788401061802247,0.06861369834849472,-0.04663868148430556,0.0869802371889653,0.020315291474434345,-0.09106891022712123,0.006632551280102556,0.022399398425842577,0.016205749848937415,0.0016217690251174352
0.012258203271748066,0.6636330708230724,0.24150956146059854,-0.225154345512078,-0.027573009198048906,0.02042225124956811,-0.037893117342963405,-0.039620814002903904,0.01901529827974889,0.0032858271914280664,-0.006426997330184182
0.00416850508454903,-0.6794343280313141,0.6002528624774317,-0.08133591912737051,-0.05627984867217476,0.05945290313408518,-0.03652283701540947,-0.00809516772419213,0.012258203271748066,-0.09236171313529848,0.08006922791923446
-0.04059028054840615,-1.1065855150065247,0.37266136788181886,0.30849041827984064,0.07014990912712062,0.04882656229481864,-0.0783423611522802,-0.007217770096779118,0.00416850508454903,-0.07174377638933095,-0.043848732315971854
-0.03779428812082085,0.5693610873220533,-0.2981769923124847,0.0736973943283567,0.04298241947870057,0.006086605997459377,-0.008354773180700263,-0.0225005437648188,-0.04059028054840615,-0.023457211583942907,0.013692213108707838
-0.019179273792931373,0.7364761906632852,-0.19251090791382194,-0.028093952119418304,0.016746299991219935,0.02220454220762431,-0.03389256082864576,-0.04421652106478822,-0.03779428812082085,-0.019492507632088266,0.02391363209524915
-0.08617978900598082,0.6902051881594659,-0.10113035806752677,-0.0253882863807756,0.02701673714737734,-0.023781590239131272,-0.07487101656980266,-0.052463424688364686,-0.019179273792931373,0.0006592464368420498,-0.009419927244993855
-0.17188298420842282,0.7069559504405659,0.11023300948174812,-0.2753546476404497,-0.004971773851479226,-0.0007116685232310037,0.0272233130783292,0.09433367351761524,-0.08617978900598082,0.0016575474207286246,0.004744303802799654
0.07808084976879809,0.6969736686027191,0.22020656146638584,-0.197854698146082,-0.15326824397770167,0.005065098754550032,-0.040081357164760835,-0.005675882986052103,-0.17188298420842282,-0.09837889672897016,-0.044165115125222
0.0685609320427338,-0.8231912340566496,0.5344274751362857,-0.053746542364630015,-0.07911571982162303,0.130410448383716,-0.05018401518451703,0.02206510472090123,0.07808084976879809,-0.11464652765901015,-0.04680360120277719
0.02311790042454046,-1.0734065405851372,0.4218673500269773,0.07336175969270566,0.12290948862926994,-0.09368033217653568,-0.13792979128621577,-0.07990157029494123,0.0685609320427338,0.006723910900290554,-0.04435670438960168
0.024727014246843818,0.5085722642902479,-0.2785076231330687,-0.002623395265449474,-0.04627740313432056,0.014916344236212634,-0.06635548176314479,-0.029278650296754707,0.02311790042454046,-0.018142682437291956,0.01513152001200417
-0.040205529627936824,0.5563624012442797,-0.1396790297173549,-0.056062922826668936,0.05169990247551971,-0.006429655574635428,-0.03912271259277582,0.034004038810167246,0.024727014246843818,2.97997785571859e-05,0.0028443220873458274
0.06407178939098636,0.6428490683923784,-0.1800064010287515,-0.00868879111546145,0.01057528692290914,0.041643690240753484,-0.01979886760146154,0.022181979507339793,-0.040205529627936824,-0.041000644251811734,0.014875265717725131
-0.024275128012738754,0.6832943492895595,0.007248085768247846,-0.18560869842021882,-0.0430857057809523,0.002198471674134053,-0.09185602512947351,-0.0557971763174673,0.06407178939098636,-0.004551306924957656,0.011414148917415249
0.06029223249994793,0.5172360044250953,0.13186899217937156,-0.21516520014829707,0.01803785713752141,-0.04581712358345237,0.004875418178628584,0.0073057346644597645,-0.024275128012738754,0.0031724999537049983,-0.01839016250351234
0.021677283639280804,-1.0198255737573432,0.2323703319034952,-0.08012658660703105,-0.13310862972991627,0.07574935373519065,-0.06890165177109205,0.021626999559614158,0.06029223249994793,-0.0066247415998066704,0.024648236826193128
0.011038599344310307,-1.2191186334719317,0.25074494574238915,0.23937685268586922,0.2002954209439131,0.011127823905514367,0.038927633461299446,0.01668254779574494,0.021677283639280804,0.030078940698128314,-0.0020691036580318665
0.06479915630842781,0.5337966219366735,-0.27112399437062173,-0.004266806722136533,0.004599883807525531,-0.011601078710965655,-0.009142834985761019,-0.017387952323576497,0.011038599344310307,-0.029249625797973015,0.033824442510812625
0.015778616988194088,0.6514232211615942,-0.21881356004023747,-0.07737421780242425,-0.020093422542657696,-0.0257700961349743,-0.0034108190605130076,-0.07453389981997148,0.06479915630842781,-0.05905148758833401,0.016018465185079447
0.01780132541204172,0.6922506349722705,-0.10713969995932675,-0.25423395677463606,-0.06347939820350351,-0.024759385017448406,0.014444498987747386,0.04516013784239919,0.015778616988194088,-0.03242055251675643,0.014607794686044546
-0.01108926228347019,0.6145393056471613,-0.04182697072659786,-0.0613980915063926,0.01815364886217564,-0.042003872202853454,-0.04877031405369595,-0.031056133889849537,0.01780132541204172,0.010368226308874523,-0.028657197231262106
0.03249752690867945,0.3572331547701548,0.02324976584067879,-0.14292758429070915,-0.18761864689524968,0.06509831213473218,0.08590423608956423,-0.041289855192566734,-0.01108926228347019,-0.009803769299678662,-0.005822820190257859
0.029987950573752815,-1.3599912680280766,0.2692635499630484,-0.015839264241027124,-0.1922859715172728,0.06547285149439162,0.001272932904093758,0.013610661155247323,0.03249752690867945,0.035893232444524296,-0.012017957032570529
0.011291470117426417,-1.4264245807242082,0.1997497543725925,0.038439169539188085,-0.19578959130880497,-0.021792712303342412,-0.040043495522190206,-0.08441330094606318,0.029987950573752815,0.004941905950903178,0.00587875401480989
-0.015110064391357111,-1.5414155440417066,-0.12605638919449447,0.0759223133433481,0.006822759751086617,-0.09411588799609676,0.035594156272299046,-0.03390623234244279,0.011291470117426417,-0.03516320783873549,-0.019126142767615137
0.04602550804360221,0.6203671655450478,-0.21487163798251027,0.022465424691885772,0.06761482726808371,0.020702500180400735,-0.02036752131756043,-0.00031555277117639865,-0.015110064391357111,-0.019890918020116544,0.014668212444796817
-0.03703091474452492,0.6827841942941226,-0.09445114632127753,-0.021035283253817608,-0.0042243238257421815,0.008336258395313132,-0.060603533648219444,-0.01382124168569224,0.04602550804360221,0.006201729627359148,-0.024708927450277005
-0.039410179537030174,0.6658105658171466,-0.027168646686243608,-0.09942195567503997,-0.06270308198046058,-0.0300396972955255,-0.09583066206486505,-0.08649423483321138,-0.03703091474452492,-0.006605977582510911,-0.015200792965945202
-0.026055345187105408,0.5657802371989268,0.11475255772430919,-0.21556175735866637,-0.11257447459848369,-0.0013690507136412747,-0.03129089300136579,-0.04948344303430613,-0.039410179537030174,-0.0027209749837190616,-0.011600234552185701
-0.01357029349276634,-1.0048364522590902,0.5010664921746053,-0.03159094020741017,-0.07710991226366391,0.03758300225973773,0.006036255526679163,0.09764923541647524,-0.026055345187105408,0.0005447095715729738,-0.002995378153465686
0.02355627348233798,-1.0645547957702983,0.5332506663030743,-0.16487301619578837,-0.0826373611391622,-0.06906177334498194,0.005338589864856405,0.1226415996989815,-0.01357029349276634,-0.1622253868886202,-0.0925297533023129
-0.003250223022145053,0.5625947546853771,-0.219684140790894,-0.02684927733867149,-0.024961699148733127,-0.11012075993189147,0.012802448823717344,-0.010156394205854739,0.02355627348233798,-0.045018431066458184,0.020189462539035412
0.031418482324817684,0.5556021155448532,-0.14764927233909664,-0.04929868043030263,-0.04933311781439122,-0.02118695033414572,-0.012752990023010426,-0.04763092862147039,-0.003250223022145053,-0.005316432362895727,-0.018834685307622126
0.040637009718388496,0.5537859564047558,-0.057538686973589194,-0.07831246237362215,0.030497759835465172,-0.03425003601135245,-0.060813504626659375,0.024845041979781064,0.031418482324817684,0.004354893761730575,-0.012159615026092838
-0.11295380907353708,0.715104837242912,-0.02580188721206929,-0.11339751774947986,-0.09500086034889504,-0.1470014466064804,-0.011291171925781529,-0.012089905135719906,0.040637009718388496,-0.03099651192813367,0.0001308546004034338
0.021506304666982102,0.4886276427769261,0.08065139720341563,-0.27497817248805084,-0.1831055294507247,0.038114578578557164,-0.001992751347560826,0.08869790118660195,-0.11295380907353708,-0.007187612173588024,-0.015036351452874675
-0.029684840450029972,-0.9628816386025074,0.4263470141726397,-0.15918434554385263,-0.17512397786919048,0.06590755604858355,-0.00022587815497636867,0.010804597916403645,0.021506304666982102,-0.06303901941594033,-0.00896343488225765
-0.052211732877583975,-1.4602416334103636,0.13420046958788678,0.05238076213333677,0.15613916300763853,-0.18769983406251886,0.17338640583203385,-0.07683719579719293,-0.029684840450029972,-0.08721455399817912,0.010632607549150502
0.02448116113206153,0.4469134943084693,-0.22672355234815827,0.02961881941819488,-0.04384465079188918,0.020156067813074146,0.019399769366689527,-0.019789528455370138,-0.052211732877583975,-0.007342276273844107,-0.002707146885241908
-0.033532867724158345,0.5866111031841019,-0.07141844804673249,-0.13071135017812102,-0.04358951320104657,-0.026769232446419308,0.006065737181427924,-0.03764257622975792,0.02448116113206153,-0.010846951211622376,-0.02150936668945372
0.07175590154740151,0.5382240353581212,0.0285471025495526,-0.11838752749917988,0.02133900102842404,-0.005966090351302768,0.01147276109313689,0.11662209343846838,-0.033532867724158345,0.029429721009847358,-0.04039509036169496
-0.029161675037096407,0.631935529169683,0.0442016142923366,-0.12645924814560208,-0.0853411187501727,-0.011928152064432212,-0.04373157279093335,-0.04231054786765653,0.07175590154740151,-0.026445169769048437,-0.040600186850767474
0.07416355283934632,0.3874940186250394,-0.015259747783146808,0.059400763300079006,-0.08087308449278229,-0.05233351630106121,-0.14667430099336506,-0.24839261319296288,-0.029161675037096407,-0.010282105049426064,-0.008740386703215272
-0.0657788944421681,-0.9215359651672019,0.37040772288936163,-0.11585008713622584,-0.07510310657073205,0.010717382844472108,-0.03468949428782963,-0.011123688764848694,0.07416355283934632,0.17595922892385252,0.05979695584022427
0.008029826744141867,-1.2168209121762041,0.4238754085880436,0.08282272463728294,0.008671082612826697,-0.059673548424033475,0.009306324044203767,-0.033776350703583334,-0.0657788944421681,-0.009400020203501436,-0.004060156225113923
0.02062005440598676,0.39524372562995774,-0.13297846974470753,-0.01815781104537584,-0.006993937693681013,-0.05264680335704765,0.056387049678934584,-0.020973099177412056,0.008029826744141867,-0.00011854366545474722,-0.03798513464657392
-0.03332052216752354,0.5221060710898574,-0.08312495321583598,-0.015355341664971657,0.06613677363920056,-0.013993492780905992,-0.04315733471857787,0.028639843500168145,0.02062005440598676,-0.0017369495815256308,-0.009698875934009853
0.03771634205255761,0.715254815413237,-0.07114431055023165,-0.07906029739171037,0.10652083739657074,-0.08033249271348408,-0.07418268243858876,0.031186489984052424,-0.03332052216752354,-0.018930761436175572,0.0007747489254988651
0.011454913229497763,0.5581261002919775,-0.01595289827553694,-0.16779825005055912,-0.037710448278505,-0.05166128618775693,-0.015693227602139717,-0.029044880580578084,0.03771634205255761,-0.03112579980986936,-0.005556271335247197
0.02907040670550611,0.6099789417166446,0.2438342261997801,-0.26671146014396774,-0.3029433269795154,-0.00498071610104302,0.015747210655107438,-0.08231584608669712,0.011454913229497763,-0.03552892900026379,-0.016397639640468132
0.06376408294035689,-0.8762304274868371,0.3510329796324937,-0.14359760898699386,-0.15065580115062768,0.02377334169058865,0.003343226506956313,0.0069584664395245304,0.02907040670550611,-0.027642756624416624,-0.0039052262397868804
-0.011646370133140614,-1.1528350573429442,0.27599355654352015,0.10588000594159239,-0.049928090130828544,-0.0298676568006703,-0.08798579524144011,-0.09109346522026339,0.06376408294035689,-0.042571132777564816,-0.023435444671701618
0.04196230639587302,0.4268716924019726,-0.23867375521127018,-0.0004988273976731339,0.027064833908049125,-0.03841837589984486,0.018986418008983378,-0.01650450470404454,-0.011646370133140614,-0.029602791100146967,0.004441910375739551
0.05909290318045034,0.5637111763297229,-0.17549295267209516,-0.069242551291422,0.01803146995873026,-0.05239357716573493,-0.016739422990317762,-0.04751809760641605,0.04196230639587302,-0.024793867379331834,0.011477577997361366
0.0003226343929721628,0.3687411901680004,-0.023136684018669588,-0.046164459038053614,0.06759180805496331,-0.034725923186287345,0.02684868395372816,-0.001432757129856419,0.05909290318045034,0.03882163942638644,-0.027267355567301386
-0.036006306539990984,0.6468378907803758,-0.02509299423653123,-0.16173860561345488,-0.039544253485437296,-0.10268806061008462,0.03332215517414911,-0.07135972563399763,0.0003226343929721628,-0.05540576150649142,0.01408755210125032
-0.014127109245163583,0.33628151261553596,0.09180817987764392,-0.1544522330728439,-0.22285967525541692,0.06103824684012293,0.1374505934173173,-0.08878859491515767,-0.036006306539990984,-0.009015707687141522,-0.01924216275410293
0.007317112746740159,-1.0857467584309437,0.1914610386764969,-0.17597617683998704,-0.2931040125822705,0.005207758427681783,0.01713225049689015,0.09013579189863326,-0.014127109245163583,-0.009477348793343183,0.007525389298388067
-0.05046399562790863,-0.6238657641266652,-0.39129743749302565,-0.08322444395054675,-0.13635769418478275,-0.06623131828599116,-0.0025834575463018522,0.058649681081029394,0.007317112746740159,-0.11522874141448627,-0.011985339139542065
0.012394137530691232,-0.523664348470618,-0.14084733412355846,0.01981000726551559,-0.08627816963700723,-0.07207004945209848,0.1246704842503218,-0.025172496118687916,-0.05046399562790863,0.01052113346426203,-0.007359519618624187
-0.02910497743517104,-1.6959891525570099,-0.16795039286652919,-0.19046572563128444,-0.199420975147086,-0.2000879877960119,0.0828465298543169,0.0390720476204424,0.012394137530691232,0.041476706407841124,-0.01585132672482994
0.06873651274588667,0.25600028201661107,-0.1933361916083295,0.010323764664493505,0.008742087306543835,-0.0715875447434035,0.0380248139359319,0.01442995486205347,-0.02910497743517104,-0.09030210816659436,-0.02298504629346419
-0.11141878396167824,0.42172727281558575,-0.08700964358458624,-0.18887049240495918,-0.035323726330727286,-0.06991692876989453,0.007681961914805555,-0.08992647130933407,0.06873651274588667,-0.012730973568453778,0.005335381736327699
0.020850630843620988,0.35791833429184366,0.07316239890279355,-0.17282458065846634,-0.06460857877876855,-0.013007475835316196,0.04715644982114318,0.00903315454351113,-0.11141878396167824,0.004650507140997076,-0.019563752430174483
0.013228950314742898,-1.097261909533693,0.2709245858850141,-0.07174265798013547,-0.10553284022663788,0.0022547434316168035,-0.01861530283660444,0.005436137860265865,0.020850630843620988,0.0038261096318045486,-0.010700202122512065
0.0023225681558909613,-1.2975198335378817,0.1876239471724293,0.14362264591971902,0.1060282337109126,-0.0664963883831868,0.002282600743524861,-0.041706184912328095,0.013228950314742898,-0.016640338772478797,-0.0024233358418879304
0.012299831581792193,0.3298122170540459,0.10026767594649906,0.133647038182405,-0.05868707809320509,-0.02329914827438743,0.0017596934565852992,0.0028695826124202624,0.0023225681558909613,0.00539926537595874,0.004025005370724729
0.03481813110816615,0.5884112942814147,-0.09789283539423496,-0.09403429164849551,-0.033661331224149944,-0.03472754421791903,0.015804219602090646,-0.0839500894784795,0.012299831581792193,-0.004820042584246214,-0.011385599428371867
0.017278389335553698,0.6583342126216093,-0.06656278837217228,-0.06301863033897889,0.03819272980410182,-0.0024627095315974093,0.0007901717521045314,-0.03920660737421428,0.03481813110816615,-0.028636139454490762,0.007862281576791657
-0.09343997724681766,0.6691943387579341,-0.015972292042070624,-0.1730422896553087,-0.01869170531625145,-0.01200706684582618,0.010166604096328441,-0.04064034226454594,0.017278389335553698,-0.027453734681045894,0.019542106115868058
0.03675592747548608,0.537189538472729,0.1519329012776099,-0.3375159280496199,-0.303313082986141,0.024109476499183637,0.09177236089003346,0.045174764972157555,-0.09343997724681766,-0.03631320187398213,-0.02087573122777302
0.014664690290175694,-1.021825511643132,0.29412209262653416,-0.10486070379150889,-0.17593533491143554,0.026973122135621013,-0.09062960029370067,0.025484277108318278,0.03675592747548608,-0.03682072077228116,-0.009306910612699162
-0.027673433198352148,-1.2583216335709475,0.35845259775364446,0.0009275422630536303,0.005246501127616691,-0.14839415560007985,-0.060139873116712116,-0.1291048421853543,0.014664690290175694,-0.03871940537368247,-0.0005742098260162426
-0.00861595800561196,0.5052543759377149,-0.23248185459192025,0.011161567612028765,0.05744206456850704,-0.0456128158882696,-0.00024450279656976654,-0.03816382293391197,-0.027673433198352148,-0.05235160625032092,0.012062927644818906
0.004017929214682236,0.6555723439738382,-0.18608172538089177,-0.07052387614097025,0.08129832626818922,-0.0383299208629101,0.0018858639231162347,-0.030035717271796214,-0.00861595800561196,-0.030646468417958848,0.02676203343768735
-0.015086695978330247,0.7201315349050316,-0.05157338757804403,0.03938846104101724,0.03896667885884171,0.005256666898658648,0.07508382606352097,-0.023634228344792733,0.004017929214682236,-0.02103345051415534,-0.02443883059729941
-0.05894175424566523,0.6893583716289527,-0.05360027399265929,-0.13648158705080501,-0.014520644042406163,-0.05862540566385392,-0.03394566310930408,-0.05967552005688168,-0.015086695978330247,-0.04633423692723895,0.006468526799805351
0.02912797375129963,0.41547815271067773,0.08965494239684353,-0.23213990489536324,-0.09441130160116247,-0.02588189300175297,0.06102124125537754,-0.06613018275983944,-0.05894175424566523,-0.03475571404511436,-0.004552555180960041
0.013212313815004624,-1.0124830762312846,0.3875977816841448,-0.1689709482741209,-0.10916128361347653,-0.05243247964197131,0.025884436778046065,0.006048635080135956,0.02912797375129963,-0.011774869019014,0.012903390103731979
0.0029289248825038793,-1.3376064355023205,0.3085966397608316,0.0594656089075394,0.09315658334073118,-0.15099746270660372,-0.07896676552351108,-0.05245891346700776,0.013212313815004624,-0.12746339204721782,-0.08002094793009466
0.06387015636087778,0.4976637887020104,-0.2823154180416,-0.005421966191171708,0.053857672530392496,-0.03712319311719541,-0.003159905571388798,0.006009645885564501,0.0029289248825038793,-0.028724767433879507,0.018955961247890424
-0.06544252318182356,0.6520174092256773,-0.16414685574317192,-0.06626831118145265,-0.013669300734658824,-0.015561296604304015,0.061913546032662366,-0.12536959232875539,0.06387015636087778,-0.043084501558676956,0.0129865606836373
0.04595941880102207,0.6681643946514342,0.07202152819606727,-0.2814217821646715,0.01758535073574564,0.012881540288279442,0.028043877778026423,0.13928277891678123,-0.06544252318182356,-0.015012569315395786,0.01619266021449744
-0.09383634318685759,0.6728255257112686,0.1158381410499712,-0.2603201681859236,-0.0738028345578207,-0.03231753235108051,0.04177480138069775,-0.04345311362552479,0.04595941880102207,-0.0737176471146677,-0.015409492592334043
0.08845665303161328,0.5712452751265639,0.183792868544908,-0.1486347427967885,-0.0730911614110121,0.0030337727074440483,0.09829386466302252,-0.010421905289717521,-0.09383634318685759,-0.07589380497707703,-0.0037117248462898806
-0.010864704871778598,-1.087911060823616,0.5038011617035553,-0.0844624963511887,-0.013200654399320248,0.03520031834728205,0.009036996190615347,0.08660679978601966,0.08845665303161328,-0.04753300593481782,-0.02007948187116855
-0.023623007038713336,-1.188224190182622,0.47518243066165544,-0.05754672622812874,0.3019141904508117,-0.225058822631958,-0.019613587809184662,-0.07676892286546048,-0.010864704871778598,-0.05543849599822037,0.0046010440091863395
0.02308287699594097,0.5259925069424362,-0.2028945056194394,0.023636101007806422,0.0031832819234737086,-0.012945753989837595,0.01452399732474531,-0.03580225704570471,-0.023623007038713336,-0.047126806818586095,0.006725859789668057
-0.026154698120202723,0.6577730097777434,-0.11703282162514692,-0.014836412632722803,0.02555276396120486,-0.012460033670617139,0.019669512607908203,-0.03821494536982874,0.02308287699594097,-0.015431275996789362,-0.0062823242296046015
0.06487928863506998,0.6457394037938301,-0.0836413151899,-0.04788433880371262,0.04603173602956283,-0.07149769706419447,-0.060881735925014425,-0.04994495402634176,-0.026154698120202723,-0.018255912619708867,0.009944299415661249
-0.07626758772146265,0.5191724885422538,0.07899580035247813,-0.15073613166263541,0.05465773368160737,-0.061119976563449425,0.08266345903535974,-0.05931619632219269,0.06487928863506998,0.01142539521747285,-0.01409523590266031
-0.06773102430682244,0.5045113129718736,0.11726366657931106,-0.18791340092074507,-0.10223629168572217,0.030743182299283328,0.09079078820909313,-0.03352206724566628,-0.07626758772146265,-0.0038762019836845866,-0.018196376134072358
-0.04787082196302788,-0.9794754316404521,0.38104829920924427,-0.17155203044780062,-0.08760658541554994,0.06494177740905413,0.005997583676594428,0.2217377484474591,-0.06773102430682244,-0.0013750174654472897,-0.026143029002038073
-0.04247260322682485,-1.2813300101648113,0.33124277794575613,0.06601376054082968,-0.04693412594889386,-0.06129722027827949,-0.03259562878428364,-0.025778974883191776,-0.04787082196302788,-0.050554069356536606,-0.041819747488162674
0.03992386328370815,0.6239627029446994,-0.16839699129755006,0.013396417355825314,0.12149680551698902,-0.020394344744025846,-0.0028484421087388726,0.009337680327877079,-0.04247260322682485,-0.023636013359491795,0.020953864431416686
0.010872373392403809,0.7431400664982127,-0.02635650364148127,-0.13480795300413156,0.1821919622787201,-0.12114736557472099,-0.062438596777336035,-0.025380610212747172,0.03992386328370815,-0.018490627561426737,0.0170261890831268
0.030757652823643192,0.5871219226129547,-0.21005064578382948,0.02117378442098361,0.04737319871481107,-0.03711396237179228,-0.04830373510362061,0.030046110470793155,0.010872373392403809,-0.00070005339430139,-0.012352090972608856
0.012460995628521505,0.726170983526613,-0.029804587506348394,-0.0843070051740184,0.0018763805310581178,0.0025480605025594103,-0.025888322376135336,-0.044681772829484705,0.030757652823643192,0.0012611232139362514,-0.0018523570839317231
0.05532084781906045,0.4943118750521492,0.2757328042723256,-0.31383508490561074,-0.19195213040775805,-0.020582594517214416,0.051277820656551176,-0.18337703711787545,0.012460995628521505,0.025001174411662812,-0.01760504936834565
-0.04484292980528046,-0.9263224042560186,0.49448283847278723,-0.22576613380923036,0.012248800822537728,-0.055136050687319665,0.040043319019451414,0.02172993962944074,0.05532084781906045,-0.03728342795926203,0.003975989735116462
-0.02415683242813319,-1.3257653454881344,0.22690053230097515,0.1491524452692962,0.22343419125350047,-0.11763370513729059,0.015883183569046857,-0.020633226281687095,-0.04484292980528046,-0.029630657382461456,-0.018981898600699473
-0.045475013965899966,0.5692545472516738,-0.27055393250454446,0.019951986482486573,0.05394179426674539,-0.017428307618062848,0.005469684381626058,-0.029180400593050004,-0.02415683242813319,-0.027318274039974198,0.024274931561708495
0.0017464051555272722,0.6870265323423534,-0.08515526867740845,-0.03431673986337908,0.0889244324173052,-0.02042123833350779,-0.031391826323514234,0.029840182024909397,-0.045475013965899966,-0.0013292151749165267,0.0032128915731213467
0.016820533480103476,0.4160564504155401,0.1596749234640532,0.15597129943256044,-0.05145175931167341,-0.04074806613125309,0.005297390447890722,0.004184761357228578,0.0017464051555272722,-0.006334061696322194,0.004614055537035236
0.02240704986588866,0.7008516098131218,0.03795956730412762,-0.10426097189375445,0.06638783139131019,-0.007912862624686334,-0.049507865170937075,0.000678312301784428,0.016820533480103476,0.0009407863480601649,-0.003349179322981292
-0.07260849533113244,0.49808829570770824,0.13959988138754892,-0.22261093037905758,-0.07804098916516457,-0.0055860405661241974,0.07814720989826549,-0.08128021598140367,0.02240704986588866,-0.01946362088006278,-0.00495640806194698
-0.004337153033697453,-0.946239025818227,0.5134094484747642,-0.3172697288355798,-0.04937296840664096,-0.00512985112438467,0.022480622951106817,0.1261584581979778,-0.07260849533113244,0.0014418128195424818,-0.0074271595499644585
-0.14693353436050655,-1.2760858768237355,0.2916169907098885,0.17929097682369424,0.07890144334277181,-0.10782703837369385,0.007987199739964227,-0.05711675187405796,-0.004337153033697453,-0.13462323011986999,-0.04503169251105914
0.13293108011800336,0.5252021417387032,-0.22065030946129727,-0.09744596114128454,-0.04909252385539062,0.06174238668498663,0.06809781631768308,0.12174992553109897,-0.14693353436050655,-0.0267454222332119,0.023006840928006252
0.0667789681284869,0.6413314546864822,-0.007939487330842742,-0.14316398666037183,0.004034588189740089,-0.08518651507976467,-0.022768669151905542,-0.08703439203038256,0.13293108011800336,-0.04423470759072595,-0.03428219301070737
0.0329927285256511,0.7642657896621043,-0.030390081472212817,-0.05766039363666355,0.0896823698801061,-0.049686369353330866,-0.06081273984960431,-0.04056322321172869,0.0667789681284869,-0.0069614997856236645,-0.004199205483282192
-0.022393171553917984,0.8400388428206488,0.010874991558770083,-0.08180194966720052,0.01870115617989566,0.00552267833610765,-0.0649842005903357,-0.04067176253299392,0.0329927285256511,-0.01795516853926853,0.0008146915717723156
-0.05532319486873195,0.5749563688975923,0.10571422776695359,-0.2175454867564938,-0.04564990168854812,0.05922026368254403,0.05182455591750765,0.11776418325973032,-0.022393171553917984,-0.013870441747612886,-0.007672169439557749
-0.002801280577176403,-0.8962691760046004,0.3354236217938759,-0.013139576837663841,-0.09361322452943385,0.11910289920179656,-0.041173644592228505,0.055580176070902716,-0.05532319486873195,-0.006508015530620505,-0.024618889550914923
0.049015195725412346,-1.0293518894659808,0.3302415881300297,0.2538967291105044,0.13188434812215324,0.06706826544386825,0.011575410252378932,0.011102336937406105,-0.002801280577176403,-0.13248139486217336,-0.03814912664451598
0.05416891052813073,0.737000081319583,-0.14184749452912201,0.024551666340472296,0.04074366393879392,0.04885272517843621,-0.01574012818062807,-0.032414389674964794,0.049015195725412346,-0.02667433630329252,0.012996707410905325
0.05137265991606481,0.8543739789506412,0.02735828798933658,-0.010223100331258835,0.08371434775771104,0.022559942412054886,-0.08925852720990073,-0.0021489718099324687,0.05416891052813073,0.011673565179162551,-0.023618420988371906
-0.03163652384001795,0.8337754104584181,0.04277060550592454,-0.007961749949314251,0.10787942321554629,0.00851664687661083,-0.0667663014383309,-0.0011112360392021203,0.05137265991606481,0.013681712670330045,-0.02710959929885643
-0.05156185831323568,0.914730956225163,0.23879567893359455,-0.05461912945836755,0.14037888441187166,0.01920866065458259,-0.0869227414886877,-0.003670918833348277,-0.03163652384001795,0.01708409818073226,-0.02773146211238135
0.04897430772958227,0.7119580167592546,0.32455155003128106,-0.09948742653240666,-0.12258830915501598,0.11589171457145224,-0.023260444392973697,-0.16032862689276384,-0.05156185831323568,-0.010941106870279603,-0.002603181781694133
-0.029973107849678784,-0.8258673321206413,0.3914687076717586,0.05500674646813402,-0.0202034175598194,0.14585770013062924,-0.04381636961195352,0.022445857112761793,0.04897430772958227,0.015873619808955998,0.00656935259880297
-0.024445641821297746,-1.0791050818497838,0.3815293752079211,0.12550887688232923,-0.00546879422774067,0.09286156768678394,-0.1119000066075561,-0.014471368887859784,-0.029973107849678784,0.0013174545426936168,-0.005284356266940422
0.041107534506619886,-1.2875185888588452,0.04700109274794623,0.15458238509376754,0.10365453760853943,0.001890860435983563,0.03334094120164321,-0.054649478689328776,-0.024445641821297746,0.05441403944729625,0.011549611455723972
0.021738640691354442,0.7061920129402525,-0.1942666862082575,0.08963393701906885,0.06583820409480898,0.07933044997692575,-0.05735849731258925,0.0001291881605407029,0.041107534506619886,-0.009879551364033207,0.014757045169337743
-0.01578192058162748,0.7341459592655887,-0.07333162749744052,0.047673511714015834,0.07998596042269296,-0.003209716617915907,-0.14121753345720037,0.009000112441336432,0.021738640691354442,0.0399643623079361,-0.024636442566801
-0.0678847515387376,0.7665605125793312,-0.08978084192735605,-0.029680350206091128,0.059843037876567806,0.0026539660478776487,-0.10292765452957389,0.02262028804999921,-0.01578192058162748,0.006993859596137052,-0.0007355371183993397
-0.015769990411091804,0.7780256328305428,0.09283125399772926,-0.1254524683403925,0.11543949773005205,-0.006019587093996569,-0.030990416339604688,0.001864439145926448,-0.0678847515387376,-0.008632481645712406,0.016872179722033368
-0.055562649632450514,-0.907710402757422,0.3070668002464889,-0.029204622592904187,-0.02477370393938953,0.013974650757295246,-0.11172384514606389,-0.004487369323704428,-0.015769990411091804,-0.009807459428447922,0.005310395302616258
0.1308731090478874,-1.331950690527416,0.0913710935087277,0.18548841860699766,0.04707787400209707,-0.03330749732084957,-0.05569032631196207,-0.05336150904782826,-0.055562649632450514,0.006940163411672873,0.013495604349526747
0.03473571608520023,0.683644273293284,-0.1951729274093782,0.10774439030820701,0.20500447522600476,0.036676445073421264,0.10514228058060966,0.07610653134172721,0.1308731090478874,-0.01992331289439775,0.0014933814130297517
0.07237762601282345,0.7556187519290302,-0.0685959819740316,0.010920522170932565,0.22540356657839142,-0.0521163826689903,-0.05501103099360258,0.06929896175579403,0.03473571608520023,0.012234434837040191,-0.017362820763652854
0.0032674416572538246,0.657872101296732,-0.020334971821146745,0.03632122366910531,0.1524016705245828,-0.005149379597564416,-0.07575491014068104,0.05814160286612515,0.07237762601282345,0.030355322911565955,-0.023349820457863588
-0.10237808861706132,0.831071349789503,0.04305206988000103,-0.0674709692740743,0.09503688588772265,-0.03975058886840861,-0.039273180464765876,-0.06340324458506025,0.0032674416572538246,0.010255754991049668,-0.005935225039430938
-0.020609808800150276,0.7650385864452133,0.14912620880131738,-0.22805557333499515,-0.05055188047328973,0.011998675687499981,-0.011660603991180504,0.005085913087378907,-0.10237808861706132,-0.008035718615836006,-0.008621483042866277
0.01625822526340439,-0.852344845688313,0.47563515349514346,-0.014448278850406155,-0.12724493380101834,0.15457917599184026,-0.00610718779579246,0.03794961760740002,-0.020609808800150276,-0.0014117887234948033,-0.00606380914844399
0.02640386562988196,-1.2495738680958677,0.25366042797655486,0.22678128645328086,0.12366488080744853,-0.0022133178421423426,-0.08143180277651284,0.01314879948453895,0.01625822526340439,-0.02479378792420882,-0.03431623909922891
0.03165694657576455,0.5543324323683464,-0.3408214281634449,0.07509216548798897,0.01996897012365156,0.0009756025529924198,-0.0723194936358016,0.04001116438960478,0.02640386562988196,0.007848804260095982,-0.010827204576654181
-0.020094425483338115,0.7461499012309574,-0.15865763015834886,0.0439319650202549,0.09895496233221474,-0.0002979864186516387,-0.08731521869066172,0.01890056402021347,0.03165694657576455,0.020821501537308246,-0.0070073086669477595
-0.005129710019257469,0.765193059269601,-0.05826636283313519,-0.1078295154595905,-0.013255011757786326,0.018366305085219334,-0.062254329948213075,0.05351960760621022,-0.020094425483338115,0.0010759516213856536,-0.005825090751785526
-0.12157812821021961,0.5276944876904861,0.3633429900291649,-0.034392986690410104,-0.009330786968363137,-0.05945469716675209,-0.0013589865865216218,0.013449483174797225,-0.005129710019257469,0.027492807529959504,0.008089019066991382
-0.024817432093361704,0.6935398183882805,0.10731646861979463,-0.2192762651200128,-0.10496945527765163,0.004384279254193545,-0.01917856877069801,-0.07114576051766791,-0.12157812821021961,-0.02611821775243915,0.004490838490985157
-0.07335542720874133,-0.7240725321786654,0.6040695341178781,-0.11026239822897996,-0.0003709059569639384,0.021121545292771274,-0.20606989673609594,-0.00519676959518812,-0.024817432093361704,0.00955079967444718,0.010359957785698037
-0.01281796928748947,-1.124267461209495,0.3815569641458101,0.134949789857995,0.01394766395044272,0.10781585684961918,-0.17554137767866487,0.19514971426299807,-0.07335542720874133,0.04898634766157107,-0.022032444340735823
0.04548475121339019,0.6179569321002735,-0.26834602619801734,0.12482817280990505,0.10242455578907689,0.04263801889818956,-0.01508906270981243,0.05689134318735657,-0.01281796928748947,-0.06366280236432816,0.0025795716534254085
-0.0006766764638460268,0.6908420785621808,-0.14172138266526862,0.07027683654830814,0.13824941847933955,0.02344925173252913,-0.0842036681560811,0.06301199625948871,0.04548475121339019,0.02148798729675068,-0.01044507480749893
-0.002691991611921255,0.47939377122153365,0.22983219031128627,0.10488240684243214,-0.03788160828102529,-0.0342180259482267,0.0022141478423516737,0.0028593725446792134,-0.0006766764638460268,0.017374255262508128,0.006428151585332054
-0.1458970386714067,0.7875492760470001,-0.04837888709210775,-0.07456079528668397,0.09813256599558945,-0.026856944835302876,-0.05625824113320102,0.005318219661058327,-0.002691991611921255,0.005079027930120291,-0.005604398794252404
0.10410266399491147,0.8450663697777963,0.23530640923743182,-0.124204570477855,0.09226600042637625,-0.0004066443799599716,-0.04189785716522663,-0.08036937621363607,-0.1458970386714067,-0.013937471863559545,0.004429630124767424
0.014499556698961509,-0.5412989867428082,0.7308731742605857,-0.03313719830203109,-0.05046400926158602,0.24627834770923318,-0.10022404016114243,0.03567976718834098,0.10410266399491147,0.028576142080967506,0.0018098780878096448
0.052227428097976446,-0.9092015168874089,0.33912271530104116,0.392689369595144,-0.07008613393075334,0.24819988960969686,-0.09278422224838381,0.03094531153669636,0.014499556698961509,0.024178549278737905,-0.048544156645683026
0.017555494612712302,0.5775352794930197,-0.39372366203373677,0.15986815617222935,0.04329036640646375,0.10413999636029617,0.07495941421228908,0.04351822622400294,0.052227428097976446,-0.03286311650326827,0.019096060096663876
-0.03761909524173611,0.5562973819017315,-0.07446533580298736,0.08287915231372661,0.12042646787477117,0.01275696665051391,-0.01256575536450179,0.028761396566860834,0.017555494612712302,0.054371343942046166,-0.033231571465433506
-0.00786446443438289,0.6859059740722153,-0.09036697935929539,0.049512443137456626,0.0976981958278352,-0.01897568247292299,-0.10967627165949076,-0.0006993632085897372,-0.03761909524173611,0.036257012963920275,-0.014079241637000367
-0.20058387496374133,0.6392488589272979,-0.013392174961352043,-0.0021619835151584547,0.12186710287255573,-0.04353025462227557,-0.004320544900084639,-0.0023168131335902795,-0.00786446443438289,0.04944757077512903,-0.03618829959871818
-0.1508144640897308,0.6774327951035192,0.09314240132637173,-0.15824227301333724,-0.09613829346260995,0.07270634285189902,-0.008964542988466067,0.0008332462312908976,-0.20058387496374133,0.005109714008107235,-0.0007045848606542385
-0.035001596269550614,-0.8637890231550935,0.5353614640617239,-0.14982306291147235,0.016255207024269577,0.05781349637634119,-0.0709265886497874,0.13488502313994905,-0.1508144640897308,-0.032864786110336865,-0.034468766618901636
