1.77786091 -6.15058055 -0.92495775 2.61588695
1.89385075 -5.56688649 -1.98797205 1.54040402
1.89224227 -5.10738753 0.77528462 -0.29667000
1.96625899 -5.13616828 -1.99344800 0.18781842
1.95677818 -4.95732836 1.81560375 2.66697989
2.21133941 -3.87507079 2.82562735 2.82950836
1.98999858 -5.03669498 1.60621813 -0.66698178
1.93537553 -5.23722983 0.19312072 -1.66015881
2.24553872 -3.21077658 -4.60982853 -1.72174884
2.53382025 -2.06731818 -0.87225924 -0.82649066
2.20294977 -3.75044127 0.35421192 0.35987061
2.04600799 -4.55471554 -2.59245009 -1.75232498
1.69871276 -5.81764940 0.03924077 -2.18508117
1.80706138 -5.40918007 1.42069062 -0.32529916
2.36930159 -3.33638549 -0.87787323 0.67005368
2.19547101 -4.20931356 0.31064005 -0.99538228
2.09326387 -4.29418524 0.05137155 -0.97420625
2.25686221 -4.03277460 -1.13990479 -1.00009421
2.20614832 -3.76440077 0.48356468 0.13112329
2.15153463 -4.01514863 -1.00215030 -0.98204214
2.01721254 -4.90856599 0.71279597 0.48165716
1.99527756 -4.78248599 2.69053436 2.29523454
2.08951051 -4.00019938 -1.23406976 -1.83720278
1.96099162 -5.03631215 -1.27184331 1.75468569
2.33680298 -3.22604499 -1.26238852 -0.21541488
2.30913938 -3.54052646 -0.76243308 -0.83751296
2.45590028 -2.81061252 0.68866347 0.25106739
2.40801876 -2.93667857 -0.10429163 -1.02379881
2.00419064 -4.61408254 0.71966635 1.38409521
2.26306594 -3.63169477 2.90089981 2.07877736
2.30379547 -3.70690744 0.04088847 -0.95306257
2.31600731 -3.63795140 0.35035797 -0.71950012
2.28192542 -3.34814081 0.18086609 -0.90623866
2.44758425 -2.80310382 -1.12759957 -0.02697339
2.49706703 -2.14072273 0.35750419 1.13385172
2.48171446 -2.00407973 -1.48441823 0.03934498
2.76868094 -1.09610730 -0.55633792 0.33858843
2.69401781 -2.09372759 2.40500279 -0.53854068
2.76108735 -1.26252680 0.78339514 -2.14753186
2.58518599 -2.10244640 -0.43131773 -0.71257245
2.50034047 -2.67746220 1.00429632 -0.49601428
2.26325217 -4.05203736 -1.34165788 1.54626817
2.45651052 -2.93084197 -0.73088658 1.34838731
2.65389248 -1.88417861 0.67523335 -0.47296704
2.78261841 -1.84727717 -0.50768874 1.20981144
2.91046591 -0.43535341 0.75456199 0.26847718
2.81770297 -1.14766888 0.19372507 -1.14278398
2.71329532 -1.82990615 -0.01250640 0.96938079
2.55863817 -2.44473690 0.42958894 -1.06160602
2.66864869 -1.29818797 -0.95349358 -2.40859453
2.82260085 -0.56894970 1.00864890 -0.43260668
2.61409731 -2.26949318 -0.62495139 0.82909798
2.72439566 -1.74790622 0.01378294 -1.95621758
2.66676046 -1.88925876 1.17748886 0.79182403
2.59764550 -1.70366444 -0.41677124 -0.31888596
2.76768444 -1.10511336 -0.44641143 -0.76507852
2.75772256 -1.38859190 1.22762594 0.29239870
2.76806605 -1.74939802 0.90583828 -0.59942761
2.72756688 -1.71599161 -0.53516658 2.42857507
2.81191001 -1.22953836 -1.57567155 -0.38351417
2.71347723 -1.67251127 -1.54023866 -0.07783042
2.80851812 -1.10062302 -1.51383622 0.32182343
2.99829097 -0.58188881 -0.12581200 1.66173516
2.95635569 -0.77066430 -0.44520829 -2.17540733
3.04295876 0.12017550 1.09057235 0.28461536
2.85225942 -0.92546278 -0.60800421 2.66288240
3.05386894 -0.16335990 -0.29066398 1.05407077
3.28488790 1.15593665 1.02439957 2.20388257
3.42907534 1.27102783 3.77950413 -0.71429562
3.40073257 1.85291563 0.82018217 0.02932890
3.27500119 1.28265754 -0.29172583 -0.89612483
3.27292540 0.51319653 0.74430002 2.16086167
3.17129088 0.91221737 0.99977483 -1.28451191
3.05865342 0.66851247 1.84440230 -1.90118973
3.37177257 1.70209234 -0.02157467 -1.81332922
3.40539022 1.70625825 0.15590048 -1.45988522
3.17562936 0.24091496 -1.22190219 0.08038890
3.10417153 0.61685014 -1.52947177 -3.86725427
3.15046945 0.01790928 -1.12377741 1.14703433
3.39143200 1.41393005 -2.27168581 1.85730548
3.22351870 0.92120311 0.36436738 0.24951069
3.05275807 -0.09424625 -1.18418094 -0.05589843
3.02531003 -0.51372313 1.01951986 -0.35368917
2.94687325 -0.49652675 0.18096065 -0.62967158
2.96136967 -0.42127170 1.54655362 -0.96573694
3.10353597 0.37123966 0.10091965 -0.50093009
3.23000317 1.14553506 -0.35991300 -2.06392621
3.45864470 1.83853782 -0.85903712 -0.85677880
3.38566503 1.75808334 1.75576527 -2.67917144
3.32087211 1.08501026 -0.83559683 -0.61068367
3.33154295 1.61933777 1.41885882 -1.35543103
3.38198461 1.78502538 -4.62635297 0.42333636
3.55913733 1.99323497 -0.11714793 -1.90761278
3.45312508 1.73967834 -1.50057227 -0.34195077
3.32889243 0.93774770 -0.76673916 0.23780253
3.72337111 2.75085767 0.81273543 -0.68765646
3.64375841 2.05928484 0.02869960 1.50101602
3.75200370 3.69965754 -0.42246000 -0.81755723
3.94643703 4.09958059 -2.69382479 -0.33310330
3.87489738 3.76838687 0.18636026 -0.78854922
3.76994158 3.20004083 -0.10565248 -1.29669629
3.57880841 2.37419253 2.53133204 1.03769440
3.52380001 1.74044517 1.48324915 0.27432740
3.52727241 2.02346556 -1.09001754 -1.05951537
3.29962655 1.74707103 -0.37122108 -1.35118903
2.98782992 -0.62837413 0.38971856 2.56167793
3.06363313 -0.35445136 0.63564820 0.25439667
3.43452092 1.24799241 0.86981025 1.84182094
3.41487373 1.54336299 0.69883932 -1.69133372
3.44018879 1.55952075 2.32724273 -0.13874814
3.34163869 1.46481443 0.26539704 -1.98155279
3.42530766 2.08703108 -0.22411261 1.12188638
3.48961368 1.51247484 0.33402913 -0.17936013
3.43684412 1.95969984 -0.51052252 -1.67282160
3.60357305 2.89894068 -3.32195538 1.11929124
3.67361109 3.31235681 0.01389039 -1.08042299
3.58467458 2.19688822 -1.45050681 1.47457150
3.29096428 0.99448496 -2.66164312 3.51298435
3.62154325 2.81044891 4.17351089 -0.09058071
3.59077887 2.62874219 0.26846320 0.61458346
