3.54804233 1.99983864 1.00435628 0.33469118
3.54528946 2.20703463 1.61749208 0.73404481
3.67584476 2.75822407 -0.90600245 4.20416492
3.49681329 1.90414849 4.06626090 1.35390912
3.66216931 2.64261724 0.54497178 2.08508603
3.64447027 2.35951705 1.56523100 0.08199612
3.63577322 2.22674589 1.25200541 -2.06847392
3.69192807 3.34424391 0.70161416 0.01958686
3.74239390 2.89925156 1.26373330 -0.24513723
4.03368454 4.18633727 -3.86089614 1.77760574
4.01895652 3.97321602 -0.20294968 1.69728330
4.16105454 5.18121607 -1.72628200 0.92010567
4.07232901 3.94566035 -0.02985532 0.43716115
4.17567592 4.85265043 -0.09378688 1.23386554
4.02302812 4.15546717 0.88011039 0.79882881
3.92613021 3.76335336 0.47988745 0.83254765
4.11561876 4.90729776 -1.18134020 -1.35212982
4.15638120 4.20555707 -1.09708011 -0.25206364
4.00097329 3.83831596 2.12259286 0.22952775
3.76259496 2.99508911 1.55486427 -2.12158826
3.81734929 3.27603230 -0.40955712 1.37661117
4.00102149 4.13707312 -0.43365092 -0.64171766
4.02140966 4.73620762 1.05820775 0.03792130
4.11026741 4.61242362 -1.36079422 2.35296457
4.07195479 4.48176519 0.84611781 -2.19754673
4.12521939 4.90569594 -0.02009930 0.73527712
4.29219655 5.98672762 -1.46651323 -2.05304322
4.22471280 5.41027213 0.81333585 0.84671009
4.07560449 4.75773566 0.24178431 2.20096806
3.79993264 3.85252917 -2.71949800 -0.46823151
